7 0.279167 0.836644 0.0305729 0.0251389
1 0.0398437 0.800463 0.0796875 0.0907407
7 0.410677 0.523611 0.021875 0.0287037
7 0.907161 0.60162 0.0335937 0.0402778
7 0.97793 0.822546 0.0311198 0.0284259
0 0.567734 0.952361 0.0161979 0.0322222
7 0.496094 0.43912 0.009375 0.0550926
7 0.380078 0.70787 0.00703125 0.0166667
7 0.283333 0.909491 0.0161458 0.0356481
7 0.232422 0.768403 0.0120313 0.0448611
7 0.202539 0.570694 0.0165365 0.0321296
7 0.573307 0.342593 0.0216146 0.0564815
7 0.614583 0.78294 0.00989583 0.0489352
