7 0.580365 0.84 0.0238021 0.0401852
0 0.868711 0.88125 0.0610156 0.0523148
7 0.109505 0.230116 0.0351562 0.0389352
7 0.229961 0.832199 0.0161719 0.0339352
7 0.208385 0.513681 0.0155729 0.0256944
7 0.400391 0.494907 0.00807292 0.0342593
7 0.398516 0.411597 0.0261979 0.0472685
7 0.629336 0.418287 0.0257031 0.0282407
7 0.438281 0.887824 0.0125 0.0312037
7 0.193919 0.40919 0.0401823 0.0433796
7 0.606393 0.398843 0.0455469 0.0412037
7 0.293424 0.499583 0.0251302 0.0500926
20 0.911875 0.730671 0.0164583 0.0331019
74 0.121875 0.949074 0.0322917 0.101852
7 0.141497 0.632083 0.0186198 0.0456481
7 0.117773 0.43169 0.0277344 0.0300463
