31 0.142786 0.39537 0.0199479 0.0212963
31 0.20651 0.391667 0.0130208 0.0138889
30 0.233464 0.372917 0.00911458 0.0171296
31 0.266797 0.315278 0.0132812 0.0194444
54 0.951432 0.607407 0.0169271 0.0305556
56 0.554036 0.601528 0.0278646 0.0271296
30 0.218099 0.258565 0.0106771 0.0171296
31 0.0929688 0.277778 0.0260417 0.0185185
31 0.309492 0.361574 0.016901 0.0222222
39 0.419284 0.534491 0.0236198 0.0171296
31 0.358594 0.407639 0.0151042 0.0162037
0 0.344401 0.546065 0.0190104 0.0180556
30 0.330599 0.412037 0.0106771 0.0185185
30 0.15625 0.200926 0.0104167 0.012963
31 0.0998698 0.191898 0.0164063 0.0143519
31 0.225521 0.242824 0.0125 0.0180556
56 0.261979 0.449282 0.0442708 0.0365278
30 0.588607 0.836042 0.00716146 0.0149537
