7 0.56849 0.614583 0.0109375 0.0421296
9 0.442057 0.575 0.0106771 0.025
0 0.247786 0.765046 0.0320312 0.0236111
1 0.806758 0.671088 0.0341406 0.0411574
7 0.785195 0.740278 0.0327344 0.0324074
7 0.458724 0.675556 0.00755208 0.0233333
7 0.541602 0.829352 0.00976562 0.0225926
7 0.14638 0.755972 0.0146354 0.0360185
7 0.394505 0.722708 0.0119271 0.0454167
7 0.261576 0.862685 0.032526 0.0457407
0 0.473867 0.571528 0.0184115 0.0226852
7 0.194987 0.700926 0.0261719 0.0194444
7 0.220182 0.795926 0.0205729 0.0288889
7 0.301354 0.842384 0.01625 0.0468056
