3 0.880599 0.554861 0.040625 0.0282407
7 0.342135 0.568426 0.0230208 0.0389815
63 0.970469 0.55463 0.0158333 0.0166667
38 0.598828 0.497454 0.0325521 0.0439815
7 0.0878906 0.694907 0.0434896 0.0601852
7 0.378424 0.793819 0.036901 0.0413426
7 0.321094 0.390625 0.05 0.0358796
25 0.921159 0.49213 0.0363281 0.037963
7 0.0201823 0.862731 0.0341146 0.049537
40 0.0265625 0.746296 0.053125 0.100926
7 0.0610677 0.883287 0.0127604 0.0489815
7 0.467708 0.826157 0.0192708 0.0291667
54 0.0261849 0.146991 0.0241927 0.0300926
