31 0.252435 0.359954 0.0138802 0.0199074
30 0.5125 0.638519 0.00921875 0.00953704
31 0.388815 0.482639 0.0130469 0.0143519
0 0.510547 0.656481 0.0252604 0.0305556
56 0.0707031 0.341204 0.0382813 0.0277778
0 0.185286 0.580324 0.0335937 0.0430556
2 0.839583 0.590046 0.04375 0.0300926
30 0.369401 0.419444 0.0143229 0.0175926
30 0.438802 0.615046 0.009375 0.0189815
31 0.339479 0.425694 0.0164583 0.0171296
31 0.162096 0.325463 0.0195573 0.0194444
54 0.75651 0.458102 0.0203125 0.0347222
0 0.350391 0.549074 0.0148437 0.0203704
30 0.414062 0.475694 0.0109375 0.0189815
0 0.329688 0.675185 0.0208333 0.0337037
31 0.359336 0.48088 0.0120573 0.0280556
31 0.436068 0.552315 0.0169271 0.0166667
30 0.385547 0.504398 0.0122396 0.0180556
31 0.51849 0.721296 0.0182292 0.0157407
31 0.476693 0.611574 0.0153646 0.0212963
