7 0.269453 0.801181 0.0241146 0.0291204
7 0.163919 0.512245 0.036276 0.0411574
0 0.632812 0.770625 0.0104167 0.0255093
7 0.128529 0.739074 0.023151 0.0205556
0 0.499349 0.990046 0.0153646 0.0199074
74 0.109375 0.973704 0.0364583 0.0455556
7 0.691849 0.411412 0.0501562 0.0450463
7 0.304505 0.663241 0.0157813 0.0207407
7 0.453242 0.306019 0.0158594 0.0425926
7 0.184245 0.256019 0.0106771 0.0259259
7 0.299583 0.764167 0.0258333 0.0262963
7 0.359115 0.586574 0.0078125 0.0277778
20 0.864714 0.800116 0.0679687 0.0553241
1 0.831797 0.816667 0.0442188 0.0407407
7 0.354193 0.308102 0.0239063 0.0569444
