1 0.367318 0.962731 0.0825521 0.074537
7 0.208789 0.616204 0.0240885 0.0296296
7 0.363281 0.311574 0.0166667 0.0259259
25 0.60599 0.407639 0.0208333 0.0421296
7 0.146367 0.578542 0.0270573 0.0327315
7 0.650859 0.334884 0.0399479 0.0413426
7 0.3575 0.525231 0.05375 0.0402778
0 0.833333 0.716435 0.0223958 0.0412037
7 0.278906 0.572685 0.0348958 0.0407407
0 0.875391 0.875231 0.0377604 0.050463
7 0.277214 0.534491 0.0205729 0.0199074
7 0.528776 0.378634 0.0341146 0.0279167
7 0.424349 0.908356 0.0159896 0.034213
7 0.637448 0.701875 0.044375 0.0463426
7 0.571706 0.684745 0.0315885 0.0231019
