5 0.532682 0.411574 0.0695313 0.105556
4 0.476823 0.677546 0.0479167 0.0134259
4 0.150521 0.651157 0.0822917 0.0189815
2 0.601042 0.876157 0.0171875 0.0217593
4 0.698698 0.665278 0.0453125 0.0231481
0 0.289062 0.889815 0.025 0.0222222
4 0.388411 0.493287 0.0408854 0.0365741
4 0.124219 0.327315 0.0692708 0.112963
4 0.417578 0.593981 0.0179687 0.0333333
4 0.740365 0.487731 0.0276042 0.0902778
4 0.565755 0.672222 0.0830729 0.012037
56 0.662617 0.75 0.0205469 0.0212963
4 0.88112 0.667824 0.0950521 0.0430556
5 0.411198 0.146759 0.209375 0.178704
4 0.457161 0.534722 0.00859375 0.062037
4 0.785677 0.625463 0.009375 0.0509259
5 0.404036 0.305556 0.0768229 0.0851852
