47 0.41862 0.902546 0.0570312 0.0810185
7 0.400651 0.239583 0.0507812 0.0439815
7 0.628125 0.614352 0.0380208 0.0277778
7 0.124089 0.327778 0.0257812 0.0185185
7 0.303906 0.159259 0.0369792 0.0240741
7 0.491276 0.62662 0.0221354 0.0365741
7 0.0132943 0.562037 0.0244531 0.0277778
7 0.150391 0.0104167 0.0263021 0.0208333
7 0.269049 0.569491 0.0353385 0.0387963
7 0.261289 0.426019 0.0159635 0.0211111
7 0.44388 0.349074 0.0377604 0.0222222
7 0.392109 0.474306 0.0527604 0.0337963
9 0.233984 0.576852 0.00807292 0.0194444
