9 0.0972656 0.659722 0.0419271 0.062037
9 0.639844 0.749537 0.0369792 0.0342593
9 0.551693 0.755787 0.0309896 0.0337963
54 0.140625 0.624537 0.0213542 0.0888889
10 0.263151 0.675231 0.0736979 0.0662037
52 0.323385 0.735417 0.0295313 0.0347222
52 0.450365 0.800231 0.0345833 0.0356481
52 0.0449349 0.552755 0.0659115 0.0444907
2 0.590755 0.722917 0.0382813 0.0328704
9 0.589323 0.760648 0.0348958 0.0333333
9 0.495964 0.763426 0.0283854 0.0277778
52 0.361719 0.691898 0.0401042 0.0412037
10 0.0619792 0.596065 0.0739583 0.0532407
52 0.435026 0.819213 0.0257812 0.0263889
52 0.535677 0.742593 0.0276042 0.0342593
9 0.80638 0.882639 0.0304687 0.0476852
0 0.880742 0.933565 0.0260156 0.0486111
52 0.210286 0.652083 0.0195312 0.0467593
9 0.56224 0.709722 0.0286458 0.0296296
