10 0.811979 0.890046 0.0322917 0.0643519
4 0.65638 0.367361 0.0992187 0.025463
54 0.182812 0.734491 0.0161458 0.0421296
0 0.0441406 0.893519 0.0315104 0.0509259
7 0.48776 0.486574 0.0276042 0.0138889
9 0.00651042 0.269444 0.0130208 0.0148148
7 0.191276 0.342361 0.0252604 0.0171296
7 0.329036 0.218287 0.0158854 0.0356481
7 0.735938 0.477315 0.0359375 0.0175926
9 0.0171875 0.149306 0.0119792 0.0236111
7 0.569792 0.479398 0.0322917 0.0180556
7 0.987891 0.43912 0.0236979 0.0180556
0 0.0765625 0.513194 0.0604167 0.0671296
7 0.338281 0.310417 0.0276042 0.0162037
7 0.709375 0.401389 0.0359375 0.0175926
7 0.622396 0.425463 0.0333333 0.0166667
7 0.773047 0.50787 0.0382813 0.0185185
7 0.412891 0.430324 0.0299479 0.0180556
7 0.814583 0.478472 0.0369792 0.0180556
53 0.162109 0.664815 0.0164063 0.037037
7 0.0497396 0.271528 0.021875 0.0217593
7 0.903385 0.312731 0.0260417 0.0134259
4 0.770703 0.4375 0.104948 0.0425926
4 0.58776 0.216435 0.1125 0.0902778
