12 0.329167 0.501157 0.0796875 0.123611
3 0.601953 0.584028 0.0596354 0.0541667
9 0.0661458 0.375 0.0130208 0.0398148
0 0.317057 0.788194 0.0200521 0.0375
12 0.592708 0.771296 0.117708 0.087037
0 0.916536 0.969213 0.0289063 0.0606481
0 0.252734 0.573843 0.00755208 0.0236111
12 0.191927 0.578241 0.0703125 0.0648148
12 0.203646 0.469444 0.0854167 0.106481
81 0.522526 0.652778 0.0158854 0.0287037
12 0.975521 0.68588 0.0484375 0.0662037
12 0.321094 0.696065 0.0661458 0.0865741
12 0.68112 0.649769 0.0695313 0.0560185
31 0.198047 0.551157 0.0278646 0.0375
