30 0.305859 0.176389 0.0153646 0.0388889
8 0.533073 0.0113426 0.0270833 0.0226852
31 0.555599 0.143056 0.0346354 0.0351852
35 0.877734 0.247222 0.0674479 0.0527778
8 0.0515625 0.190509 0.0135417 0.0273148
8 0.615625 0.259722 0.0109375 0.0462963
35 0.547526 0.346458 0.0471354 0.0410648
31 0.386719 0.159028 0.0161458 0.0412037
8 0.130599 0.315972 0.0153646 0.025463
35 0.142448 0.374074 0.046875 0.037963
8 0.245312 0.346065 0.0114583 0.0189815
31 0.623828 0.0662037 0.0257812 0.0277778
31 0.498307 0.119907 0.0179687 0.0351852
