5 0.925651 0.392824 0.148177 0.0319444
7 0.769596 0.42037 0.0207031 0.025
5 0.440365 0.479167 0.129688 0.0453704
78 0.558581 0.87037 0.0190885 0.0194444
5 0.512891 0.378472 0.148698 0.0856481
78 0.970859 0.884722 0.0245833 0.0259259
2 0.610677 0.698611 0.0213542 0.0583333
7 0.917318 0.52963 0.0153646 0.0185185
7 0.952734 0.575231 0.0231771 0.0180556
4 0.0246094 0.159954 0.0492187 0.0236111
7 0.718229 0.574537 0.0140625 0.0324074
5 0.344922 0.348611 0.165885 0.111111
5 0.797135 0.11412 0.224479 0.228241
9 0.955599 0.523611 0.00703125 0.0166667
7 0.752552 0.430139 0.015 0.0267593
7 0.0972656 0.649074 0.0320312 0.0157407
4 0.0644531 0.0310185 0.0294271 0.062037
5 0.388281 0.287731 0.0963542 0.0884259
7 0.401953 0.541667 0.0289063 0.0185185
5 0.155208 0.309491 0.147396 0.118056
4 0.816016 0.503472 0.0945312 0.0310185
4 0.291536 0.519213 0.0710937 0.0365741
7 0.689714 0.507639 0.0273438 0.0199074
7 0.480729 0.575694 0.0130208 0.0115741
7 0.805599 0.545602 0.0153646 0.0162037
9 0.808854 0.450231 0.0135417 0.0236111
9 0.663542 0.769213 0.0161458 0.0699074
5 0.830859 0.613889 0.11276 0.0185185
5 0.628125 0.370139 0.115625 0.0662037
7 0.888555 0.467824 0.0145573 0.0393519
5 0.707292 0.267593 0.226562 0.0796296
7 0.714974 0.541898 0.0304687 0.0189815
7 0.701042 0.521528 0.0171875 0.0217593
5 0.390495 0.103472 0.197135 0.0652778
