7 0.00976562 0.585185 0.0195312 0.0148148
31 0.109766 0.574074 0.0752604 0.116667
31 0.608464 0.953935 0.0236979 0.0402778
31 0.379688 0.877083 0.028125 0.161574
8 0.149219 0.9625 0.0244792 0.0546296
31 0.174102 0.842593 0.0445052 0.0935185
31 0.323177 0.894444 0.0348958 0.0425926
31 0.296797 0.928819 0.0178646 0.0395833
31 0.172656 0.675463 0.0197917 0.0425926
31 0.494922 0.959954 0.00911458 0.0282407
31 0.34862 0.688194 0.0209896 0.0550926
31 0.475651 0.953472 0.0242188 0.0921296
31 0.0121094 0.613194 0.0242188 0.024537
31 0.651823 0.889815 0.0192708 0.0314815
