41 0.623568 0.936806 0.0835937 0.0560185
40 0.413021 0.926852 0.0276042 0.0222222
7 0.318854 0.592292 0.045 0.0830093
10 0.197396 0.899074 0.0473958 0.0574074
7 0.270573 0.492361 0.0380208 0.0273148
7 0.332878 0.136806 0.0154948 0.0300926
7 0.209505 0.489583 0.0242188 0.025463
7 0.247526 0.262963 0.0309896 0.037037
7 0.205469 0.243981 0.0369792 0.0611111
7 0.0515625 0.519676 0.0317708 0.0449074
9 0.197786 0.0819444 0.00859375 0.0388889
7 0.0140625 0.3625 0.028125 0.0259259
7 0.0707031 0.0648148 0.0408854 0.0333333
7 0.395286 0.41713 0.0426562 0.0259259
0 0.119661 0.817824 0.0622396 0.0625
