8 0.610378 0.244051 0.0110156 0.0220833
35 0.0464844 0.14588 0.0466146 0.0526852
8 0.670964 0.158102 0.0226562 0.0273148
31 0.499219 0.0951389 0.0234375 0.0226852
30 0.314714 0.290278 0.00911458 0.0212963
30 0.371224 0.237037 0.0143229 0.0509259
0 0.0934896 0.750926 0.021875 0.0287037
30 0.204427 0.132176 0.021875 0.0319444
35 0.632279 0.239444 0.0359635 0.0516667
30 0.484245 0.258333 0.0174479 0.0222222
7 0.290234 0.291667 0.0117188 0.0148148
31 0.738672 0.0907407 0.0273438 0.0259259
49 0.641146 0.793287 0.0510417 0.0652778
8 0.341536 0.301157 0.0138021 0.0152778
8 0.371615 0.362963 0.009375 0.0157407
30 0.244922 0.101852 0.0174479 0.0277778
30 0.364974 0.0618056 0.0179687 0.0236111
31 0.591628 0.0908565 0.0238802 0.0354167
8 0.832552 0.147222 0.0125 0.0666667
