7 0.535026 0.663194 0.0164063 0.0134259
9 0.739323 0.687963 0.0161458 0.0101852
7 0.33099 0.467361 0.0229167 0.0199074
9 0.0457031 0.686806 0.0184896 0.0226852
7 0.452734 0.59838 0.0179687 0.0134259
9 0.342839 0.522222 0.0117188 0.0212963
7 0.516146 0.707176 0.0203125 0.0162037
7 0.74987 0.754167 0.0179687 0.0138889
9 0.347917 0.551389 0.0119792 0.0111111
7 0.672656 0.680093 0.0166667 0.0111111
9 0.0582031 0.529398 0.0117188 0.0180556
7 0.402604 0.733102 0.0192708 0.0143519
0 0.828646 0.922685 0.0130208 0.0240741
7 0.452474 0.548843 0.0205729 0.0134259
7 0.961068 0.69375 0.0210938 0.0106481
7 0.0928385 0.356713 0.0106771 0.0180556
7 0.497786 0.542361 0.0148437 0.0115741
7 0.216146 0.625 0.021875 0.012963
7 0.872396 0.629398 0.0239583 0.0125
7 0.621615 0.653935 0.0208333 0.0134259
9 0.230078 0.41088 0.0122396 0.0236111
7 0.984505 0.656713 0.0210938 0.0115741
7 0.793359 0.724537 0.0200521 0.0111111
7 0.504036 0.639815 0.0179687 0.0111111
7 0.686328 0.65 0.0190104 0.012037
7 0.674349 0.654861 0.0190104 0.0115741
7 0.248568 0.675463 0.0111979 0.0138889
7 0.553906 0.623843 0.021875 0.0125
7 0.0523438 0.444676 0.0135417 0.00972222
7 0.624219 0.583102 0.0229167 0.0134259
7 0.284635 0.581944 0.0104167 0.0212963
7 0.207813 0.49213 0.0135417 0.0157407
7 0.322396 0.537037 0.0140625 0.0185185
7 0.453255 0.659028 0.0174479 0.0125
7 0.264453 0.539815 0.0117188 0.012037
7 0.363672 0.619676 0.0122396 0.0143519
7 0.315365 0.654167 0.0145833 0.0148148
7 0.227344 0.438889 0.00677083 0.0277778
7 0.330208 0.667824 0.0130208 0.0143519
7 0.184245 0.403935 0.00859375 0.0134259
7 0.264714 0.57037 0.0127604 0.0194444
7 0.892188 0.713889 0.0197917 0.0111111
7 0.848307 0.684722 0.0247396 0.012963
