7 0.48737 0.58287 0.0221354 0.0185185
7 0.775 0.393981 0.0307292 0.0138889
7 0.152344 0.567824 0.015625 0.0180556
7 0.266146 0.607176 0.0197917 0.0134259
7 0.68138 0.50787 0.0179687 0.0148148
7 0.754297 0.541667 0.0221354 0.0166667
7 0.513021 0.479398 0.0161458 0.0143519
7 0.359375 0.667824 0.0166667 0.0143519
7 0.959766 0.655787 0.0252604 0.0171296
30 0.971484 0.218287 0.0341146 0.0282407
7 0.685807 0.584028 0.0195312 0.0125
7 0.496875 0.576389 0.0203125 0.0138889
7 0.165104 0.728472 0.0135417 0.0171296
7 0.827083 0.524306 0.0182292 0.0180556
7 0.641927 0.612963 0.0213542 0.0148148
7 0.908594 0.634491 0.0234375 0.0125
7 0.0739583 0.662963 0.0203125 0.0138889
7 0.0877604 0.391435 0.0333333 0.0180556
7 0.777083 0.474306 0.0203125 0.0236111
7 0.706771 0.712731 0.0171875 0.0263889
7 0.6875 0.47963 0.0291667 0.0148148
7 0.62526 0.40625 0.0265625 0.0134259
7 0.25651 0.68125 0.0255208 0.0171296
7 0.784896 0.66412 0.025 0.0143519
9 0.041276 0.667824 0.0111979 0.0171296
7 0.382292 0.550231 0.0265625 0.0152778
7 0.427474 0.684491 0.0216146 0.0180556
7 0.986719 0.567361 0.0260417 0.0217593
9 0.473698 0.989352 0.00885417 0.0203704
7 0.899349 0.553241 0.0299479 0.0148148
7 0.409115 0.436343 0.0244792 0.0199074
7 0.984766 0.512963 0.0263021 0.0185185
7 0.0295573 0.596991 0.0226562 0.0143519
9 0.99362 0.310648 0.0122396 0.0166667
7 0.854297 0.656944 0.0216146 0.012037
7 0.239193 0.736574 0.00651042 0.0166667
7 0.409766 0.596065 0.0200521 0.0143519
7 0.969792 0.333102 0.0354167 0.0162037
7 0.327344 0.694444 0.01875 0.012963
7 0.937891 0.641898 0.0278646 0.0134259
7 0.0575521 0.546528 0.0203125 0.0143519
7 0.24362 0.498611 0.0330729 0.0185185
7 0.554948 0.462731 0.0213542 0.0134259
7 0.628255 0.54838 0.0174479 0.0134259
7 0.211849 0.572454 0.0190104 0.024537
7 0.146484 0.638889 0.0294271 0.0175926
7 0.0539063 0.587269 0.0317708 0.0199074
7 0.316536 0.490972 0.0231771 0.0162037
7 0.937109 0.547917 0.0341146 0.0171296
7 0.711198 0.68287 0.0234375 0.0148148
7 0.847656 0.44838 0.0338542 0.0171296
9 0.00598958 0.529167 0.0119792 0.0138889
7 0.851823 0.614352 0.0286458 0.0212963
7 0.448828 0.708333 0.0205729 0.012963
7 0.926693 0.458796 0.0252604 0.0148148
7 0.741276 0.527546 0.0236979 0.0134259
7 0.588802 0.594213 0.0203125 0.0125
7 0.255599 0.580093 0.0184896 0.012963
7 0.533333 0.496528 0.0229167 0.0143519
7 0.60651 0.446991 0.0234375 0.0143519
7 0.839844 0.429861 0.0270833 0.0236111
7 0.924219 0.664352 0.0286458 0.0138889
31 0.441536 0.853241 0.0179687 0.0296296
7 0.8125 0.578472 0.009375 0.0125
7 0.588021 0.563889 0.0182292 0.012963
7 0.308073 0.534722 0.0171875 0.0111111
7 0.305208 0.598843 0.0171875 0.0208333
7 0.287109 0.565741 0.0236979 0.0148148
7 0.397656 0.489815 0.0239583 0.012037
7 0.202865 0.519444 0.0197917 0.012037
7 0.315885 0.630324 0.0197917 0.0180556
7 0.885026 0.44537 0.0221354 0.012963
