57 0.36276 0.919676 0.0213542 0.0356481
2 0.279036 0.849769 0.0174479 0.0208333
57 0.394922 0.841435 0.0283854 0.0337963
2 0.270313 0.898611 0.0223958 0.0175926
9 0.303516 0.858565 0.0231771 0.0217593
9 0.334505 0.922222 0.0320312 0.0259259
2 0.484245 0.794676 0.0169271 0.0180556
4 0.504167 0.31412 0.0328125 0.13287
57 0.311589 0.908796 0.0257812 0.0407407
45 0.521745 0.770602 0.0127604 0.0199074
9 0.299609 0.901852 0.00651042 0.0203704
52 0.437396 0.841898 0.038125 0.0449074
9 0.352734 0.95787 0.0247396 0.0259259
