37 0.126823 0.552546 0.0765625 0.0847222
12 0.830846 0.558565 0.0929948 0.0671296
1 0.348828 0.963657 0.0195312 0.0726852
56 0.198177 0.479398 0.0260417 0.0523148
9 0.326562 0.373148 0.0145833 0.025
1 0.495964 0.956481 0.0289063 0.087037
3 0.661328 0.651389 0.0877604 0.0722222
34 0.827214 0.684722 0.0611979 0.075
40 0.166393 0.568657 0.0298177 0.044537
2 0.620703 0.720602 0.0127604 0.0541667
1 0.0550781 0.658796 0.110156 0.209259
6 0.0220052 0.436574 0.0440104 0.0333333
3 0.803255 0.568056 0.0440104 0.0518519
40 0.114193 0.403704 0.0283854 0.0194444
10 0.231771 0.494907 0.040625 0.0268519
