7 0.321094 0.403866 0.0526042 0.0577315
7 0.105078 0.463889 0.0174479 0.0342593
7 0.151198 0.636806 0.023125 0.0236111
7 0.455182 0.499028 0.0385937 0.0315741
7 0.714102 0.549074 0.033776 0.0518519
10 0.458333 0.588426 0.0213542 0.0324074
46 0.542578 0.556019 0.0388021 0.0462963
7 0.182943 0.789352 0.0190104 0.0444444
7 0.824609 0.43912 0.0174479 0.0273148
7 0.0685807 0.502176 0.0241406 0.0617593
7 0.458893 0.316204 0.0249219 0.0342593
7 0.347917 0.608102 0.025 0.0430556
7 0.207031 0.649097 0.0166667 0.0444907
