7 0.464193 0.459259 0.00755208 0.0185185
7 0.122826 0.502593 0.0250781 0.0422222
7 0.196393 0.608565 0.0285677 0.0273148
7 0.742656 0.464352 0.0271875 0.0416667
7 0.385547 0.679398 0.0252604 0.024537
7 0.569922 0.0281713 0.0242188 0.0547685
7 0.268359 0.653866 0.0252604 0.0216204
7 0.191927 0.359722 0.0140625 0.0185185
7 0.132305 0.461157 0.021901 0.0482407
7 0.420964 0.273495 0.0101563 0.0280093
59 0.942448 0.539352 0.0322917 0.0240741
7 0.214466 0.670046 0.0221615 0.0534259
7 0.43724 0.318287 0.0328125 0.0791667
7 0.501042 0.425139 0.0505208 0.0469444
4 0.440495 0.149861 0.0604167 0.0169444
7 0.108594 0.128472 0.0260417 0.0597222
