7 0.202995 0.421296 0.0226562 0.025
7 0.274609 0.584491 0.0408854 0.0402778
7 0.498307 0.480787 0.0320312 0.0384259
7 0.33112 0.544444 0.0117188 0.0268519
7 0.589583 0.548148 0.021875 0.0305556
7 0.430208 0.541667 0.0322917 0.037963
7 0.278776 0.494907 0.0117188 0.0388889
7 0.0826693 0.453472 0.0304948 0.0523148
7 0.0210156 0.31662 0.0222396 0.0332407
7 0.160547 0.428472 0.0450521 0.0486111
0 0.267578 0.545833 0.0190104 0.025
7 0.250651 0.682176 0.0382813 0.0226852
7 0.619922 0.671065 0.0221354 0.050463
