6 0.431029 0.59375 0.0120573 0.0208333
0 0.747135 0.896458 0.0427083 0.0669907
0 0.501953 0.607176 0.0106771 0.0236111
31 0.431458 0.568796 0.0144792 0.0227778
30 0.369401 0.503912 0.00859375 0.01625
31 0.14625 0.324537 0.0154167 0.0166667
31 0.329206 0.44463 0.0141406 0.017037
0 0.279779 0.696273 0.0138802 0.0453241
31 0.209909 0.427685 0.0136198 0.0127778
0 0.26901 0.645833 0.0140625 0.025
30 0.491927 0.645139 0.00833333 0.0162037
31 0.256901 0.396528 0.0184896 0.0208333
30 0.288932 0.422917 0.0111979 0.0171296
