30 0.363151 0.492824 0.0132812 0.0208333
31 0.334518 0.465972 0.0148177 0.0152778
30 0.153516 0.34213 0.0127604 0.0148148
30 0.447786 0.578472 0.00598958 0.025463
31 0.375391 0.444444 0.0143229 0.012963
54 0.623047 0.528704 0.0210938 0.0342593
30 0.409375 0.590972 0.009375 0.0189815
30 0.376953 0.516204 0.0106771 0.0166667
30 0.452565 0.605324 0.0108594 0.0226852
31 0.0486589 0.324005 0.0214323 0.0183796
3 0.536003 0.860139 0.0259115 0.0600926
30 0.264844 0.386574 0.0135417 0.0148148
0 0.254948 0.629398 0.0291667 0.0263889
30 0.431862 0.581551 0.00971354 0.0165278
