7 0.240898 0.839421 0.0276302 0.0316204
7 0.628776 0.343056 0.0205729 0.0268519
7 0.548958 0.592801 0.046875 0.0383796
0 0.435026 0.71412 0.0216146 0.0199074
7 0.704297 0.539352 0.0242188 0.0416667
34 0.147526 0.743287 0.111719 0.0912037
7 0.898828 0.578472 0.0158854 0.0402778
7 0.164935 0.655787 0.0310677 0.0236111
21 0.309896 0.834722 0.0130208 0.0296296
7 0.28069 0.569514 0.0265885 0.0316204
7 0.366016 0.455787 0.0205729 0.0393519
7 0.731758 0.68706 0.0145052 0.0339352
0 0.470443 0.623148 0.0143229 0.0259259
7 0.170742 0.467199 0.0201302 0.0455093
7 0.337331 0.706481 0.0248177 0.0222222
