4 0.173437 0.56088 0.0557292 0.0291667
4 0.545312 0.537037 0.0526042 0.025
4 0.0526042 0.583565 0.078125 0.0171296
4 0.0990885 0.664583 0.0320312 0.0421296
4 0.244271 0.654861 0.0604167 0.025463
4 0.548307 0.617824 0.0580729 0.0226852
4 0.376563 0.482639 0.0208333 0.0578704
4 0.671745 0.597917 0.0414062 0.0310185
5 0.173047 0.167593 0.0945312 0.238889
4 0.047526 0.528241 0.0283854 0.1
5 0.384375 0.563194 0.0625 0.0430556
1 0.679167 0.784491 0.0171875 0.0421296
5 0.603125 0.500926 0.121875 0.0638889
5 0.461719 0.552083 0.107813 0.0606481
4 0.421484 0.3625 0.0132812 0.134259
4 0.221615 0.615278 0.114583 0.0388889
