56 0.626823 0.68912 0.0411458 0.0282407
4 0.549609 0.547454 0.0434896 0.0180556
4 0.375781 0.568981 0.0479167 0.0324074
4 0.129036 0.530556 0.0736979 0.0703704
4 0.490365 0.617361 0.03125 0.0208333
5 0.553646 0.611574 0.0661458 0.0388889
5 0.808464 0.555093 0.0861979 0.0537037
5 0.219401 0.373843 0.15026 0.075463
5 0.625 0.538657 0.0338542 0.0486111
5 0.852083 0.640278 0.0760417 0.0305556
82 0.767448 0.701157 0.0302083 0.0921296
4 0.454818 0.606944 0.0143229 0.0351852
1 0.763411 0.848148 0.0138021 0.0296296
