9 0.729948 0.673148 0.00729167 0.0231481
7 0.638542 0.473843 0.0078125 0.0384259
7 0.241927 0.242361 0.0125 0.0263889
7 0.294531 0.149537 0.009375 0.0462963
7 0.0867187 0.475463 0.0171875 0.0277778
9 0.423958 0.591204 0.00625 0.0194444
9 0.0276042 0.413426 0.0171875 0.025
7 0.514453 0.475926 0.00859375 0.0444444
7 0.219661 0.378241 0.0424479 0.0388889
7 0.647266 0.289815 0.0190104 0.0296296
7 0.615625 0.683333 0.0270833 0.0231481
7 0.0816406 0.228472 0.0299479 0.0217593
7 0.445052 0.147917 0.00729167 0.0347222
47 0.382292 0.83125 0.0572917 0.0449074
7 0.120443 0.189583 0.0221354 0.025463
7 0.394922 0.0416667 0.00755208 0.0324074
84 0.313281 0.590046 0.0703125 0.0976852
