30 0.238542 0.135417 0.0166667 0.0217593
9 0.207682 0.621296 0.0117188 0.00740741
9 0.315885 0.639352 0.0104167 0.00833333
9 0.289844 0.659028 0.0109375 0.00787037
9 0.192578 0.556713 0.0148437 0.0087963
9 0.279557 0.571759 0.0138021 0.00833333
7 0.322526 0.61875 0.0138021 0.0087963
9 0.186328 0.628009 0.0117188 0.00972222
30 0.373307 0.168287 0.0195312 0.024537
7 0.199466 0.507847 0.0145573 0.0119907
7 0.128776 0.603241 0.0111979 0.00925926
9 0.227734 0.527315 0.0122396 0.0101852
9 0.329818 0.647454 0.0122396 0.00972222
5 0.198177 0.47037 0.121354 0.0314815
30 0.208594 0.0511574 0.0135417 0.0236111
9 0.250911 0.531944 0.0127604 0.00833333
30 0.0621094 0.0953704 0.0210938 0.025
7 0.284492 0.603472 0.0148177 0.0087963
9 0.295964 0.595833 0.0101563 0.00833333
9 0.0223958 0.490509 0.0145833 0.0125
9 0.251172 0.636343 0.00911458 0.00694444
9 0.320833 0.699306 0.0125 0.00787037
7 0.206641 0.654398 0.0148437 0.0087963
30 0.221745 0.220833 0.0184896 0.0203704
30 0.344141 0.197917 0.0143229 0.0180556
9 0.100651 0.516667 0.0153646 0.0101852
9 0.244271 0.672454 0.0140625 0.00972222
7 0.165313 0.555301 0.0144792 0.0133796
30 0.517188 0.17338 0.0171875 0.0291667
30 0.225391 0.0902778 0.0153646 0.0222222
9 0.333203 0.659028 0.0106771 0.0087963
9 0.361328 0.64375 0.0106771 0.0162037
9 0.173828 0.618981 0.0122396 0.0101852
9 0.307292 0.616204 0.0119792 0.00833333
