8 0.249206 0.257731 0.0141927 0.0193519
7 0.197917 0.335648 0.0130208 0.0166667
7 0.192708 0.321991 0.0125 0.0125
7 0.271211 0.543981 0.0122656 0.012037
10 0.366406 0.765509 0.0213542 0.0189815
7 0.182747 0.24419 0.0141406 0.00976852
7 0.110026 0.527315 0.0122396 0.00833333
7 0.13056 0.371065 0.0128385 0.00972222
7 0.274609 0.488194 0.0117188 0.00972222
35 0.217057 0.0384259 0.0190104 0.037037
8 0.397266 0.159468 0.0132812 0.0375463
7 0.36207 0.362269 0.0138802 0.0115741
7 0.210677 0.382176 0.0125 0.00972222
7 0.261367 0.31088 0.00919271 0.0106481
7 0.251563 0.463426 0.0109375 0.0157407
7 0.30013 0.424144 0.0106771 0.0128241
7 0.317656 0.350394 0.006875 0.0205093
7 0.263294 0.395324 0.0109635 0.0156481
7 0.187148 0.532384 0.013724 0.0120833
7 0.171875 0.350926 0.0119792 0.0148148
7 0.236042 0.400162 0.01375 0.0123611
7 0.152214 0.357639 0.0148437 0.0162037
