0 0.541536 0.745833 0.00703125 0.0212963
7 0.0207031 0.475694 0.0294271 0.0541667
7 0.457031 0.630787 0.0369792 0.0486111
7 0.173568 0.27662 0.0283854 0.0439815
7 0.463151 0.797222 0.0231771 0.0296296
7 0.115495 0.440741 0.0169271 0.0324074
54 0.547266 0.627546 0.0518229 0.0597222
7 0.363932 0.772917 0.0221354 0.0449074
7 0.264714 0.63125 0.0210938 0.0402778
7 0.79375 0.668519 0.0364583 0.0333333
7 0.134375 0.511574 0.0182292 0.0611111
7 0.240495 0.536574 0.0205729 0.0407407
0 0.939453 0.650231 0.0690104 0.108796
7 0.683203 0.58588 0.0158854 0.0560185
7 0.103125 0.637269 0.0244792 0.0300926
7 0.517188 0.505093 0.0239583 0.0509259
0 0.420833 0.937731 0.0213542 0.025463
7 0.0893229 0.200926 0.046875 0.0537037
