7 0.316953 0.69162 0.0156771 0.0323148
7 0.793503 0.281366 0.025026 0.05625
7 0.586367 0.158634 0.011276 0.0506019
7 0.20194 0.521875 0.0205469 0.0372685
7 0.892904 0.586574 0.0678385 0.0361111
7 0.163568 0.526458 0.0227083 0.0300463
7 0.568581 0.607708 0.0283073 0.0450463
7 0.397005 0.621991 0.0466146 0.0430556
7 0.342344 0.961713 0.0122396 0.042963
50 0.132786 0.513194 0.0588021 0.0449074
7 0.147526 0.600278 0.0282292 0.032963
7 0.227227 0.702569 0.0247656 0.0403241
7 0.386901 0.710648 0.0284896 0.0555556
