30 0.250781 0.33912 0.0135417 0.0189815
30 0.350456 0.376644 0.00940104 0.0102315
30 0.471745 0.588657 0.0106771 0.0171296
54 0.81276 0.512269 0.0229167 0.0430556
30 0.385469 0.43588 0.0134375 0.0162037
30 0.452865 0.582407 0.00885417 0.0138889
32 0.483464 0.734028 0.0143229 0.0199074
30 0.33138 0.422917 0.00755208 0.0134259
30 0.377591 0.415741 0.012526 0.0185185
30 0.310286 0.328935 0.0111979 0.0115741
0 0.728385 0.840509 0.0213542 0.0689815
0 0.496224 0.601157 0.0236979 0.0273148
31 0.365885 0.450926 0.0125 0.0166667
30 0.290104 0.365046 0.00989583 0.0134259
