30 0.31849 0.340509 0.00989583 0.0189815
30 0.213333 0.25 0.0147917 0.012963
31 0.109245 0.215741 0.0205729 0.0166667
30 0.209505 0.234722 0.0153646 0.0185185
31 0.202214 0.26875 0.0122396 0.0152778
30 0.536654 0.775463 0.013151 0.0166667
30 0.339974 0.402315 0.0117188 0.0157407
54 0.848958 0.536111 0.0322917 0.0425926
31 0.558464 0.828935 0.0148437 0.0300926
31 0.27487 0.316435 0.0216146 0.0199074
31 0.258073 0.33588 0.0109375 0.0152778
30 0.504297 0.683102 0.00963542 0.0162037
31 0.0807943 0.23912 0.0209635 0.0208333
31 0.144922 0.142824 0.0216146 0.0199074
31 0.0648438 0.139583 0.0239583 0.0236111
30 0.219271 0.285185 0.015625 0.0157407
0 0.319922 0.484259 0.00911458 0.0268519
