27 0.485807 0.633796 0.0127604 0.0361111
7 0.466289 0.560417 0.0288802 0.025463
7 0.63694 0.752477 0.0264844 0.0410648
7 0.786068 0.350509 0.0440104 0.0306481
7 0.133086 0.590671 0.0172135 0.0443056
0 0.314674 0.940602 0.011276 0.0234259
7 0.875039 0.441273 0.0433073 0.0371759
7 0.367357 0.514583 0.0123177 0.0199074
7 0.359167 0.710648 0.0248958 0.0296296
7 0.837891 0.502801 0.0554687 0.0518981
1 0.81444 0.879861 0.041901 0.0615741
1 0.834896 0.788657 0.028125 0.0384259
34 0.683594 0.801852 0.121354 0.141667
