64 0.741406 0.587731 0.0166667 0.0199074
7 0.206068 0.667731 0.0206771 0.015463
7 0.138372 0.503287 0.023099 0.0299074
7 0.515234 0.772292 0.0257812 0.0260648
7 0.140534 0.55044 0.00955729 0.0361574
7 0.458203 0.252546 0.0148437 0.0300926
7 0.353372 0.436481 0.0234635 0.0353704
7 0.750781 0.493519 0.03125 0.0342593
7 0.229518 0.735741 0.0261719 0.0243519
7 0.166315 0.515093 0.0215365 0.0181481
7 0.291367 0.793426 0.0134635 0.0501852
54 0.590625 0.62662 0.0104167 0.0282407
2 0.617969 0.656944 0.0291667 0.0462963
7 0.42319 0.743009 0.0504948 0.029537
7 0.897018 0.775463 0.0200781 0.0259259
7 0.205625 0.772222 0.0221875 0.0231481
