7 0.187826 0.447083 0.0377865 0.0393519
7 0.460247 0.674537 0.0267448 0.0277778
7 0.144831 0.557963 0.0104948 0.0251852
7 0.737383 0.642546 0.0148177 0.0387963
7 0.19207 0.783102 0.0392969 0.0282407
7 0.185482 0.520787 0.0178385 0.0350926
7 0.555286 0.86088 0.0272396 0.0347222
7 0.45082 0.192824 0.0407031 0.0347222
0 0.838542 0.786065 0.0171875 0.0399074
7 0.23556 0.68125 0.0169531 0.0375
7 0.288867 0.375069 0.0251302 0.0325463
7 0.441146 0.56625 0.0140625 0.0315741
7 0.61862 0.552338 0.0330729 0.0500463
