39 0.455352 0.580093 0.023151 0.0194444
30 0.372005 0.434491 0.0111979 0.0180556
30 0.354818 0.435185 0.00963542 0.0138889
30 0.255208 0.303704 0.0109375 0.0175926
30 0.489193 0.694907 0.0111979 0.0305556
31 0.215755 0.283102 0.0122396 0.0162037
30 0.565417 0.849769 0.0108333 0.0143519
30 0.39375 0.456481 0.0114583 0.0222222
30 0.233594 0.334722 0.0104167 0.0157407
30 0.200651 0.320602 0.0106771 0.0143519
30 0.291667 0.414583 0.00989583 0.0171296
30 0.31444 0.361111 0.00809896 0.0157407
30 0.307513 0.353241 0.00773437 0.0157407
27 0.609766 0.550926 0.0174479 0.0240741
