0 0.0195312 0.786806 0.0390625 0.0597222
4 0.176953 0.514583 0.0263021 0.0560185
5 0.30638 0.0587963 0.165365 0.0638889
5 0.401953 0.280324 0.141406 0.0375
5 0.342839 0.362269 0.117969 0.0375
4 0.198828 0.431713 0.0950521 0.0189815
4 0.335417 0.437963 0.0875 0.0212963
4 0.750911 0.346065 0.00859375 0.0930556
4 0.983333 0.450463 0.0328125 0.0388889
4 0.656771 0.459491 0.0588542 0.0152778
4 0.0294271 0.386343 0.0588542 0.0597222
53 0.148958 0.725926 0.0135417 0.0787037
4 0.15638 0.289815 0.0674479 0.125926
5 0.31849 0.324537 0.11875 0.0444444
