101 0.90612 0.412963 0.148698 0.0592593
101 0.124089 0.844676 0.10651 0.050463
101 0.888802 0.55162 0.0739583 0.0300926
101 0.581641 0.828472 0.0705729 0.0486111
106 0.914193 0.663426 0.0580729 0.0324074
101 0.947005 0.337731 0.105469 0.0430556
101 0.721875 0.404167 0.0807292 0.0314815
101 0.820312 0.369444 0.108333 0.0425926
10 0.437812 0.976551 0.0634375 0.0447685
78 0.695599 0.969005 0.01625 0.0185648
101 0.925521 0.394213 0.0666667 0.024537
101 0.791406 0.422454 0.0770833 0.0356481
106 0.786458 0.518287 0.0572917 0.0263889
106 0.982422 0.506713 0.0346354 0.0310185
106 0.890365 0.632407 0.0536458 0.0259259
106 0.757292 0.559028 0.0484375 0.0217593
101 0.736979 0.352083 0.0901042 0.0375
101 0.847917 0.254398 0.109896 0.0402778
101 0.857161 0.52037 0.0726563 0.0305556
106 0.839714 0.586806 0.0549479 0.0189815
0 0.585026 0.903241 0.0101563 0.0388889
101 0.790495 0.471065 0.0627604 0.0347222
