7 0.0269531 0.00925926 0.0221354 0.012963
35 0.94388 0.0895833 0.0544271 0.050463
0 0.80599 0.0469907 0.0197917 0.0439815
7 0.0726563 0.282176 0.0130208 0.0328704
7 0.0645833 0.208333 0.01875 0.0222222
7 0.127865 0.156944 0.0203125 0.0194444
9 0.749089 0.968981 0.0736979 0.0611111
7 0.0966146 0.231019 0.015625 0.0185185
7 0.129167 0.24213 0.021875 0.0212963
7 0.0106771 0.176389 0.0213542 0.0101852
7 0.159115 0.178241 0.0114583 0.0231481
7 0.00820313 0.302083 0.0164063 0.0171296
56 0.173958 0.6375 0.0802083 0.0861111
35 0.840625 0.128704 0.0583333 0.0537037
7 0.115625 0.0967593 0.0203125 0.0203704
7 0.0821615 0.25787 0.0174479 0.0101852
86 0.235807 0.646528 0.0523438 0.0578704
