30 0.284115 0.0821759 0.0260417 0.164352
0 0.918099 0.511574 0.0294271 0.0731481
31 0.240365 0.135185 0.0677083 0.102778
83 0.414193 0.605787 0.224219 0.1875
9 0.699609 0.791898 0.0424479 0.0486111
46 0.58112 0.559028 0.188802 0.123611
32 0.33151 0.22037 0.0401042 0.0490741
31 0.152734 0.244444 0.0242188 0.0444444
0 0.50638 0.907639 0.0388021 0.049537
31 0.278385 0.210648 0.0369792 0.0407407
30 0.221354 0.251389 0.0229167 0.037963
31 0.43112 0.322917 0.0486979 0.0634259
31 0.317969 0.328241 0.0463542 0.0527778
31 0.236198 0.219676 0.05625 0.0467593
