0 0.053776 0.87037 0.0184896 0.0203704
4 0.34362 0.241435 0.0122396 0.139352
4 0.294531 0.709491 0.0520833 0.0134259
56 0.361719 0.650231 0.0265625 0.0291667
4 0.264714 0.631019 0.0351562 0.0388889
4 0.487891 0.565046 0.0200521 0.0458333
4 0.283984 0.50787 0.0164063 0.0555556
4 0.358333 0.634028 0.059375 0.0439815
5 0.635286 0.409722 0.108594 0.0601852
4 0.151823 0.648843 0.107292 0.0171296
5 0.882552 0.512963 0.157292 0.0601852
4 0.506771 0.625926 0.0807292 0.0212963
4 0.2 0.416667 0.0223958 0.087963
4 0.361458 0.575463 0.009375 0.0481481
4 0.204427 0.62037 0.0317708 0.0527778
3 0.579167 0.640972 0.053125 0.0569444
4 0.45612 0.589352 0.0778646 0.05
56 0.313711 0.662269 0.0366406 0.0328704
4 0.0653646 0.650694 0.0729167 0.0125
