9 0.872526 0.343981 0.00911458 0.037963
7 0.698828 0.110648 0.0132812 0.037963
7 0.551823 0.384722 0.00885417 0.0324074
7 0.15625 0.308565 0.0145833 0.0199074
40 0.985286 0.869213 0.0289063 0.0226852
7 0.745182 0.430093 0.0210938 0.0212963
7 0.144661 0.0599537 0.0263021 0.0458333
7 0.727604 0.118519 0.0177083 0.0361111
7 0.0214844 0.0856481 0.0289063 0.0222222
7 0.505208 0.139583 0.0125 0.0347222
77 0.438021 0.927315 0.0421875 0.0759259
86 0.502604 0.278935 0.0854167 0.130093
9 0.319792 0.752083 0.0151042 0.0180556
9 0.352083 0.0247685 0.00885417 0.049537
