36 0.985156 0.467361 0.01875 0.0412037
7 0.723112 0.608634 0.013151 0.00986111
7 0.758854 0.531019 0.0125 0.0101852
31 0.535417 0.670833 0.0119792 0.0194444
36 0.414583 0.372222 0.0197917 0.0231481
30 0.139193 0.242593 0.0242188 0.0277778
40 0.0464844 0.710185 0.0320312 0.05
8 0.199805 0.369907 0.0175781 0.0148148
7 0.635677 0.723611 0.00572917 0.0138889
7 0.606771 0.743287 0.009375 0.0106481
8 0.585417 0.498611 0.0109375 0.0138889
7 0.567708 0.602546 0.0114583 0.0106481
7 0.707552 0.535417 0.00625 0.0125
8 0.381641 0.423148 0.0127604 0.0148148
30 0.98724 0.393287 0.025 0.0486111
7 0.531901 0.765046 0.0132812 0.00972222
30 0.633724 0.3375 0.0195312 0.0157407
8 0.802995 0.545764 0.0184896 0.0174537
31 0.745964 0.986806 0.0127604 0.025463
8 0.866628 0.582037 0.0155469 0.0214815
9 0.829167 0.586343 0.0135417 0.0199074
