0 0.321823 0.766991 0.32263 0.773519 0.326042 0.778241 0.333854 0.783333 0.3375 0.781481 0.336458 0.778241 0.336198 0.774537 0.332552 0.765741 0.32862 0.7625 0.323516 0.762685
0 0.169063 0.55338 0.164974 0.55662 0.161458 0.548935 0.160156 0.55787 0.157031 0.565278 0.158854 0.573148 0.15651 0.585648 0.156771 0.590741 0.158073 0.593981 0.16224 0.593519 0.166667 0.586574 0.169271 0.580093 0.171094 0.566204 0.171094 0.558333
0 0.15026 0.575926 0.146615 0.586574 0.146094 0.593981 0.148438 0.604167 0.151693 0.613704 0.153464 0.620417 0.15862 0.617917 0.158073 0.593519 0.156771 0.5875 0.156771 0.57963 0.154688 0.576852
0 0.827604 0.537037 0.822135 0.534722 0.819531 0.534954 0.820573 0.544907 0.816927 0.548148 0.810417 0.562963 0.809635 0.572685 0.810417 0.576852 0.817708 0.587037 0.826562 0.585648 0.829141 0.585648 0.830208 0.568519 0.830208 0.563426 0.828906 0.553704 0.829167 0.54213 0.828646 0.538426
0 0.165625 0.683333 0.165625 0.691667 0.167448 0.7 0.172396 0.710648 0.175234 0.714167 0.184792 0.719352 0.186484 0.711713 0.182812 0.700463 0.182552 0.691667 0.181771 0.688889 0.178646 0.683796 0.174219 0.681019 0.16875 0.680556
0 0.897292 0.828611 0.894245 0.824954 0.895312 0.816389 0.893724 0.814028 0.888802 0.82037 0.884896 0.817593 0.882812 0.813889 0.877604 0.808333 0.871615 0.806481 0.860938 0.808333 0.851302 0.813889 0.845573 0.823148 0.843229 0.830093 0.842708 0.8375 0.84375 0.843519 0.845052 0.844907 0.853646 0.844907 0.85625 0.845833 0.865365 0.851389 0.872917 0.858333 0.880469 0.858796 0.884896 0.855556 0.891927 0.853241 0.892161 0.838843 0.897526 0.836435
0 0.283333 0.816204 0.281771 0.821759 0.28099 0.830093 0.28151 0.837037 0.283594 0.845833 0.286979 0.853241 0.296094 0.861574 0.301224 0.8725 0.300521 0.864815 0.300521 0.8625 0.303255 0.858148 0.301042 0.85463 0.301042 0.850926 0.297656 0.841204 0.294531 0.819907 0.291406 0.814352 0.286198 0.814352
0 0.138542 0.614352 0.136719 0.621296 0.136719 0.631019 0.1375 0.633796 0.140104 0.638426 0.142578 0.642222 0.144349 0.6425 0.146615 0.630556 0.146875 0.619444 0.146354 0.61713 0.139609 0.611713
0 0.293385 0.783426 0.28974 0.78537 0.286302 0.77838 0.286198 0.780556 0.283906 0.786574 0.290964 0.797546 0.291927 0.801852 0.291667 0.805556 0.290365 0.808796 0.290625 0.809722 0.295182 0.81125 0.300781 0.795833 0.300781 0.787963 0.297135 0.783796
0 0.467969 0.808796 0.465755 0.812176 0.473698 0.824074 0.477344 0.830093 0.482292 0.836574 0.486979 0.836574 0.488281 0.831481 0.488281 0.829167 0.486458 0.822685 0.482031 0.814815 0.478646 0.811574 0.473932 0.806481 0.467474 0.805556
