0 0.248958 0.350463 0.248438 0.351389 0.245495 0.353611 0.251823 0.368056 0.25599 0.369907 0.258333 0.368519 0.259375 0.366667 0.259375 0.357407 0.257552 0.351389 0.25599 0.35
0 0.508646 0.63375 0.507891 0.638935 0.508854 0.642593 0.517109 0.643287 0.515885 0.638889 0.513021 0.634815
0 0.384635 0.475463 0.382292 0.482407 0.383073 0.487037 0.384375 0.489352 0.388802 0.489815 0.395339 0.483704 0.392188 0.476528
0 0.498437 0.650926 0.497917 0.654167 0.498177 0.657407 0.501563 0.663889 0.504167 0.66713 0.505729 0.671759 0.509896 0.671759 0.510156 0.669907 0.51224 0.668519 0.519271 0.668519 0.520833 0.666204 0.523177 0.656944 0.51875 0.644444 0.514844 0.642593 0.514062 0.641204 0.509375 0.641204 0.505208 0.643056 0.499219 0.649074
0 0.0515625 0.34213 0.0520833 0.347685 0.0539063 0.351389 0.0565104 0.353704 0.0619792 0.355093 0.0763021 0.353704 0.0833333 0.349074 0.0882813 0.35 0.0898438 0.346296 0.0898438 0.342593 0.0865104 0.327593 0.0827344 0.336389 0.0755208 0.32963 0.06875 0.327315 0.0619792 0.327315 0.05625 0.32963 0.0528646 0.336111
0 0.16875 0.564352 0.16849 0.566204 0.170052 0.568981 0.170833 0.572685 0.17474 0.580556 0.175781 0.584722 0.180469 0.592593 0.182292 0.598611 0.186458 0.600926 0.19375 0.601852 0.196615 0.600926 0.201302 0.59537 0.202083 0.586111 0.201302 0.584259 0.200781 0.57963 0.195052 0.566667 0.192448 0.562963 0.185938 0.559259 0.176042 0.558796 0.171094 0.560185
0 0.861458 0.593981 0.860677 0.586574 0.85651 0.57963 0.853646 0.576852 0.85026 0.575463 0.844792 0.575 0.838281 0.576852 0.833854 0.57963 0.826823 0.586574 0.817708 0.586574 0.818229 0.588426 0.820833 0.590278 0.822135 0.592593 0.821875 0.601389 0.824219 0.600926 0.826042 0.599074 0.830208 0.599537 0.83776 0.60463 0.842187 0.605093 0.851302 0.602778
0 0.3625 0.416204 0.36224 0.421759 0.365104 0.427315 0.370312 0.428241 0.37474 0.426389 0.376302 0.423611 0.376563 0.419907 0.369271 0.410648 0.365104 0.411574
0 0.435417 0.606481 0.434115 0.615278 0.435937 0.622685 0.43724 0.624074 0.439844 0.624537 0.442188 0.622222 0.44349 0.615278 0.442448 0.608333 0.439844 0.605556
0 0.331771 0.419907 0.33125 0.427315 0.333333 0.431019 0.340885 0.434259 0.345833 0.434259 0.347708 0.429769 0.342187 0.419907 0.338021 0.41713 0.333854 0.417593
0 0.153385 0.319444 0.153125 0.323611 0.153646 0.325463 0.15651 0.329167 0.165625 0.335185 0.170313 0.335185 0.171875 0.32963 0.171094 0.323148 0.169531 0.32037 0.166667 0.317593 0.152318 0.315741
0 0.75625 0.441204 0.751823 0.444444 0.747656 0.449537 0.746354 0.452778 0.746354 0.455093 0.749219 0.461574 0.750781 0.467593 0.755729 0.474074 0.759896 0.475463 0.763542 0.473611 0.765885 0.468981 0.766667 0.463426 0.766406 0.454167 0.765625 0.449537 0.763542 0.443519 0.760417 0.440741
0 0.342969 0.544907 0.344792 0.550926 0.347656 0.55463 0.352865 0.558333 0.357812 0.559259 0.357031 0.551852 0.353125 0.543519 0.350521 0.541204 0.345573 0.538889
0 0.410677 0.46713 0.409375 0.468981 0.408594 0.475926 0.409375 0.47963 0.41224 0.483333 0.415885 0.485185 0.41849 0.48287 0.419531 0.476852 0.41875 0.471759 0.417187 0.468981 0.4125 0.466204
0 0.319531 0.660648 0.319271 0.663426 0.320833 0.665741 0.322917 0.671296 0.324479 0.679167 0.326302 0.684259 0.328125 0.685185 0.329948 0.688426 0.334115 0.687963 0.336484 0.692037 0.340104 0.678519 0.338021 0.669444 0.333594 0.660648 0.328906 0.658333 0.321354 0.658796
0 0.353307 0.472037 0.354427 0.475926 0.358073 0.491204 0.361198 0.494907 0.364323 0.493981 0.365365 0.491667 0.365365 0.4875 0.364323 0.480556 0.36276 0.477315 0.357005 0.466852
0 0.427604 0.556019 0.428646 0.559722 0.430469 0.560648 0.436979 0.559722 0.44349 0.555093 0.444531 0.551389 0.44349 0.549074 0.439323 0.544907 0.434635 0.543981 0.43151 0.54537 0.429167 0.547685 0.427604 0.550926
0 0.380469 0.496296 0.379427 0.503704 0.382552 0.506944 0.384375 0.510648 0.388021 0.513426 0.389844 0.513426 0.391667 0.511574 0.391406 0.502778 0.388802 0.497222 0.385417 0.49537
0 0.509375 0.718056 0.510156 0.725463 0.513021 0.729167 0.519792 0.728241 0.525781 0.728704 0.527604 0.725926 0.525521 0.718519 0.51849 0.713426 0.51224 0.713889 0.510156 0.715741
0 0.475 0.601389 0.472917 0.605556 0.470313 0.608333 0.46901 0.614352 0.469792 0.617593 0.471615 0.619907 0.477604 0.622222 0.482292 0.619907 0.483854 0.614815 0.484375 0.607407 0.483333 0.605093 0.478906 0.600926
