0 0.632812 0.279167 0.63125 0.277778 0.628385 0.278704 0.626563 0.280093 0.62474 0.283796 0.618229 0.301852 0.616667 0.311111 0.61276 0.322685 0.61276 0.327315 0.611198 0.329167 0.611198 0.330556 0.615365 0.329167 0.616146 0.325463 0.632031 0.29537 0.634115 0.288889 0.634115 0.28287
0 0.240729 0.657593 0.242708 0.660185 0.245312 0.665278 0.246875 0.67037 0.252083 0.676852 0.255729 0.683333 0.263281 0.687963 0.266667 0.687037 0.26849 0.684259 0.26849 0.676852 0.264844 0.669444 0.261458 0.665278 0.252083 0.657407 0.24974 0.656944 0.247656 0.65463 0.244427 0.650046
0 0.747031 0.797917 0.740365 0.804167 0.736458 0.803704 0.735677 0.801852 0.735156 0.793981 0.73125 0.788426 0.728906 0.787037 0.720573 0.785648 0.710677 0.786574 0.704688 0.789815 0.7 0.794907 0.698958 0.797685 0.695573 0.801852 0.694531 0.809722 0.695573 0.816667 0.697656 0.820833 0.705469 0.822222 0.713281 0.825926 0.720547 0.828287 0.731432 0.826065 0.734661 0.815972 0.739557 0.817315 0.748021 0.817176
0 0.63099 0.863426 0.626823 0.865278 0.625 0.878241 0.62474 0.885648 0.625521 0.89213 0.627474 0.903148 0.631172 0.900972 0.633854 0.885648 0.634115 0.876389 0.633594 0.871296
0 0.3625 0.390741 0.360938 0.390278 0.357292 0.39537 0.35 0.411574 0.347656 0.419907 0.348177 0.427778 0.351042 0.428704 0.353906 0.427315 0.359635 0.417593 0.364844 0.413426 0.365365 0.406019 0.363802 0.402315 0.363281 0.399537 0.363281 0.39213
0 0.0849219 0.443009 0.0848958 0.449722 0.0929688 0.446204 0.101745 0.446898 0.108333 0.443056 0.109896 0.441204 0.108333 0.433796 0.104948 0.43287 0.0955729 0.433796 0.0923698 0.436667
0 0.0536719 0.579306 0.0558333 0.588287 0.0606771 0.595833 0.0643229 0.602778 0.0682292 0.606481 0.0760417 0.608333 0.080599 0.606481 0.078125 0.600463 0.0726563 0.584722 0.0684896 0.577315 0.0606771 0.574074 0.0572917 0.574074 0.0557292 0.575
0 0.45026 0.586574 0.450781 0.590741 0.452344 0.593981 0.458594 0.598611 0.465625 0.600463 0.477344 0.600463 0.481771 0.601389 0.492969 0.600926 0.495312 0.598148 0.499219 0.598148 0.501823 0.599537 0.502604 0.600926 0.510417 0.600926 0.509896 0.599074 0.507031 0.597222 0.505469 0.593056 0.507812 0.588426 0.514323 0.587037 0.513802 0.58287 0.501563 0.583333 0.498698 0.580556 0.497396 0.577315 0.495833 0.575926 0.490104 0.575463 0.480208 0.569907 0.47474 0.568056 0.467708 0.568519 0.459375 0.572685 0.454948 0.578241 0.451562 0.581019
0 0.369531 0.189352 0.36901 0.188426 0.366927 0.190278 0.363021 0.190741 0.361458 0.192593 0.359896 0.190741 0.35651 0.190278 0.33776 0.193519 0.327604 0.211574 0.326823 0.218981 0.330469 0.223611 0.333333 0.225 0.338021 0.225 0.353385 0.217593 0.360677 0.212037 0.36276 0.208796 0.365885 0.206019 0.37 0.204213 0.37349 0.200231 0.367188 0.198148 0.369271 0.19537
0 0.29401 0.431481 0.292969 0.428241 0.284115 0.419444 0.278646 0.418056 0.273698 0.421296 0.26849 0.426389 0.263802 0.428704 0.26224 0.43287 0.257109 0.436157 0.254297 0.440602 0.257031 0.443056 0.256719 0.449907 0.258854 0.449537 0.263802 0.447222 0.267969 0.448611 0.272396 0.448611 0.27526 0.445833 0.282813 0.44537 0.289062 0.441204 0.29375 0.435648 0.294271 0.434259
0 0.0231771 0.539815 0.0245313 0.54588 0.0270833 0.551343 0.0305729 0.556481 0.0360938 0.558889 0.0454687 0.563935 0.0489583 0.565741 0.0536719 0.567546 0.0570052 0.561667 0.0513021 0.551852 0.0489583 0.550926 0.0408854 0.537963 0.0375 0.536111 0.0289063 0.535185 0.0244792 0.5375
