0 0.435937 0.52963 0.435937 0.531481 0.447917 0.54537 0.454948 0.549537 0.460156 0.550463 0.463021 0.549074 0.465104 0.54537 0.464062 0.539352 0.460938 0.533333 0.458854 0.531019 0.455469 0.529167 0.447396 0.526852 0.438281 0.525926 0.436719 0.527315
0 0.344792 0.6 0.345573 0.605093 0.347396 0.60787 0.350521 0.609259 0.358854 0.619907 0.364844 0.625 0.368229 0.626852 0.370833 0.626852 0.373177 0.625926 0.37526 0.621759 0.374479 0.614815 0.371354 0.608796 0.368229 0.605093 0.364844 0.603241 0.358594 0.602315 0.35 0.599074 0.345313 0.599074
0 0.658594 0.484722 0.653906 0.489815 0.65026 0.498611 0.646615 0.516667 0.647396 0.524537 0.649219 0.527778 0.650521 0.528241 0.652344 0.525463 0.655208 0.503704 0.65625 0.5 0.658594 0.496759 0.659635 0.493056 0.660156 0.488426
0 0.517448 0.558796 0.51901 0.561111 0.519531 0.566204 0.521354 0.572222 0.526042 0.580556 0.527604 0.586574 0.538021 0.600926 0.542708 0.605556 0.547917 0.60787 0.552604 0.606944 0.554688 0.600926 0.554167 0.597222 0.550781 0.587963 0.546875 0.581481 0.535156 0.571296 0.533333 0.568519 0.529427 0.56713 0.524219 0.5625 0.521875 0.558333
0 0.248177 0.544907 0.247396 0.552315 0.248438 0.559259 0.252083 0.562037 0.259115 0.565278 0.264844 0.565278 0.267188 0.562963 0.267708 0.558333 0.266667 0.554167 0.261458 0.546759 0.259115 0.544907 0.252083 0.54213 0.24974 0.543056
0 0.18125 0.58287 0.179688 0.585185 0.178646 0.588889 0.175599 0.591481 0.177344 0.601389 0.179167 0.607407 0.179427 0.617593 0.180729 0.623148 0.185156 0.631481 0.189844 0.631944 0.192188 0.628704 0.192969 0.625 0.19349 0.615278 0.192969 0.60787 0.191406 0.602778 0.188802 0.600926 0.183073 0.590741 0.181771 0.58287
0 0.217188 0.719444 0.210677 0.718519 0.200078 0.718611 0.19612 0.723194 0.194583 0.73 0.200495 0.736574 0.204583 0.735833 0.209193 0.736157 0.213021 0.736574 0.216927 0.73287 0.219531 0.725926
0 0.285677 0.684259 0.284375 0.676852 0.282552 0.671759 0.278646 0.666204 0.275521 0.663889 0.271875 0.664352 0.266927 0.66713 0.258333 0.669907 0.258594 0.677315 0.260417 0.683796 0.265625 0.689815 0.267448 0.693519 0.272396 0.694444 0.28099 0.691204 0.283594 0.689352
0 0.4 0.669907 0.399219 0.671759 0.398698 0.676389 0.398958 0.683333 0.402344 0.698148 0.404167 0.702778 0.413281 0.718981 0.416927 0.721759 0.420573 0.722222 0.421615 0.721296 0.422656 0.718981 0.421875 0.712963 0.417969 0.7 0.408333 0.683796 0.405729 0.681481 0.401042 0.670833
0 0.665885 0.718519 0.664583 0.714815 0.6625 0.712963 0.659635 0.712963 0.65599 0.711111 0.65026 0.711574 0.63776 0.720833 0.631016 0.72537 0.63099 0.730556 0.623203 0.730787 0.625521 0.73287 0.624479 0.742083 0.632891 0.740972 0.635078 0.745324 0.646615 0.739352 0.652083 0.736111 0.655729 0.73287 0.658073 0.729167 0.664062 0.725926
0 0.747135 0.593519 0.747656 0.600463 0.747396 0.60787 0.749219 0.608796 0.750781 0.611574 0.751563 0.614815 0.755729 0.620833 0.759635 0.623148 0.764583 0.620833 0.767708 0.616204 0.767448 0.60787 0.764844 0.601389 0.76276 0.598148 0.75599 0.594444 0.748698 0.592593
