0 0.322161 0.804306 0.320833 0.797685 0.319531 0.794907 0.314844 0.790741 0.310156 0.789815 0.295234 0.793194 0.297656 0.798611 0.293411 0.805694 0.302083 0.809259 0.305208 0.810185 0.315104 0.810185 0.31849 0.808333
0 0.115104 0.66713 0.11276 0.684722 0.113802 0.686574 0.122656 0.692593 0.127083 0.702593 0.13263 0.694907 0.126302 0.685185 0.125781 0.676852 0.121615 0.668981 0.119531 0.667593
0 0.157214 0.657778 0.15625 0.662963 0.15599 0.670833 0.159375 0.678241 0.161719 0.680556 0.169609 0.691806 0.173594 0.686574 0.16875 0.662963 0.167448 0.660648 0.161849 0.655185
0 0.131641 0.66338 0.131354 0.673519 0.135625 0.681389 0.140911 0.684167 0.146615 0.683935 0.15263 0.675463 0.148958 0.67037 0.147917 0.665278 0.146615 0.662963 0.14349 0.662037 0.138281 0.662037
0 0.65 0.713889 0.648958 0.717593 0.648958 0.721759 0.64974 0.725926 0.653255 0.73463 0.668151 0.753889 0.670052 0.75 0.673698 0.755093 0.67737 0.759954 0.679167 0.75463 0.68099 0.753704 0.683099 0.750787 0.678906 0.745833 0.67474 0.741667 0.672135 0.736574 0.677188 0.736435 0.66849 0.725463 0.66224 0.714352 0.658594 0.712037 0.654427 0.711111 0.651042 0.7125
0 0.747656 0.84537 0.744271 0.849537 0.742448 0.857407 0.739844 0.864815 0.741146 0.86713 0.74401 0.868981 0.752083 0.868981 0.757552 0.8625 0.758333 0.858796 0.758073 0.853704 0.757292 0.850463 0.752604 0.84537
0 0.713021 0.721296 0.708854 0.722222 0.707812 0.725463 0.704948 0.744444 0.704688 0.749537 0.702135 0.754398 0.704167 0.75787 0.704948 0.759259 0.70651 0.752778 0.711198 0.746759 0.714583 0.733333 0.714844 0.725463
0 0.591354 0.915741 0.584557 0.920463 0.583854 0.915278 0.579557 0.917685 0.575521 0.921759 0.572917 0.926852 0.571094 0.933796 0.571094 0.941204 0.572135 0.943056 0.585156 0.935648 0.588099 0.933796 0.586458 0.927778 0.593177 0.923981
0 0.398177 0.723148 0.396875 0.725463 0.397135 0.733796 0.401823 0.746759 0.407813 0.756019 0.409635 0.761111 0.413281 0.766157 0.414323 0.763426 0.415365 0.765278 0.415885 0.768981 0.41849 0.770787 0.41901 0.762037 0.419792 0.759722 0.420833 0.761111 0.422917 0.761574 0.428177 0.768472 0.423958 0.756944 0.422396 0.756481 0.421354 0.754167 0.422656 0.746296 0.41849 0.737963 0.416406 0.72963 0.4125 0.721296 0.407292 0.72037 0.4 0.721759
0 0.414583 0.801852 0.4125 0.808333 0.413099 0.816713 0.414271 0.822037 0.418177 0.827917 0.420833 0.835185 0.423698 0.839815 0.427526 0.843241 0.431771 0.838009 0.432734 0.844954 0.43776 0.838889 0.440885 0.837037 0.440104 0.830556 0.438281 0.825926 0.4375 0.812963 0.433073 0.800926 0.428385 0.794907 0.423698 0.793056
0 0.434375 0.857546 0.433333 0.864815 0.434896 0.872222 0.436198 0.874537 0.447135 0.885648 0.452083 0.887037 0.453646 0.889352 0.455156 0.894074 0.458828 0.897454 0.458073 0.89213 0.461068 0.889861 0.459115 0.884722 0.458333 0.88287 0.457813 0.878241 0.448958 0.858796 0.446875 0.856481 0.440104 0.855093 0.436484 0.856481
0 0.553125 0.67963 0.552083 0.683796 0.553906 0.691204 0.55651 0.694907 0.568333 0.705139 0.570365 0.703704 0.575026 0.713426 0.576302 0.706204 0.578958 0.703009 0.57526 0.694444 0.575339 0.688704 0.572396 0.685648 0.566406 0.679167 0.56224 0.676389 0.557031 0.676389 0.554948 0.677315
