0 0.373177 0.889815 0.36901 0.892593 0.365365 0.9 0.364063 0.905556 0.36276 0.915648 0.367266 0.915046 0.370104 0.909352 0.370703 0.905185 0.371875 0.896759 0.373698 0.892593
0 0.150521 0.825463 0.146615 0.822685 0.14349 0.821759 0.130729 0.820833 0.123698 0.827778 0.117969 0.82963 0.117188 0.836574 0.117448 0.844444 0.119271 0.857407 0.126562 0.868056 0.130729 0.872222 0.135156 0.873148 0.142708 0.867593 0.152344 0.854167 0.155469 0.843981 0.152604 0.82963
0 0.600573 0.762269 0.598516 0.768426 0.607552 0.778241 0.610938 0.783796 0.615104 0.787037 0.620573 0.788426 0.629948 0.787963 0.634375 0.785185 0.636198 0.781944 0.633594 0.775 0.632292 0.766667 0.628125 0.760185 0.623437 0.755556 0.613828 0.75625 0.609375 0.75787 0.601745 0.754259
0 0.749505 0.696065 0.753255 0.701991 0.759245 0.705556 0.764323 0.70787 0.766667 0.709259 0.771094 0.708796 0.77526 0.706944 0.776042 0.705093 0.776042 0.696759 0.774036 0.691898 0.769089 0.687917 0.764844 0.688426 0.756667 0.686435 0.751719 0.683287
0 0.338021 0.543056 0.336979 0.544907 0.33724 0.558333 0.339062 0.564815 0.341667 0.570833 0.348698 0.581944 0.349479 0.585185 0.353385 0.592593 0.35651 0.593519 0.358594 0.59537 0.360417 0.598611 0.361198 0.602315 0.363099 0.606944 0.365286 0.60287 0.371979 0.611019 0.369792 0.6 0.369271 0.598148 0.367708 0.596759 0.366068 0.593333 0.364323 0.587037 0.364063 0.57963 0.3625 0.575926 0.358854 0.559722 0.35625 0.552778 0.352865 0.548148 0.346094 0.543056 0.343229 0.54213
0 0.146354 0.63287 0.139063 0.636574 0.135781 0.641111 0.135156 0.65 0.13724 0.653704 0.141146 0.659259 0.144531 0.661574 0.147135 0.662037 0.15026 0.660648 0.154661 0.661343 0.15651 0.653426 0.153385 0.644907 0.152865 0.639815 0.151302 0.635648
0 0.640365 0.686111 0.639844 0.683796 0.635938 0.677315 0.632552 0.674074 0.630208 0.673611 0.626302 0.675926 0.621615 0.676852 0.617188 0.68287 0.61224 0.683796 0.61276 0.691667 0.611198 0.696296 0.611198 0.698148 0.617448 0.698148 0.61901 0.695833 0.619792 0.698148 0.622396 0.699537 0.634635 0.699074 0.640104 0.692593 0.640625 0.691204
0 0.783854 0.898981 0.779167 0.893056 0.774661 0.896296 0.769766 0.89713 0.76901 0.905324 0.774479 0.910648 0.780729 0.909259 0.783125 0.906157
0 0.271615 0.764815 0.266406 0.764352 0.263542 0.765741 0.261198 0.768519 0.258333 0.775 0.252344 0.797685 0.251042 0.8 0.248698 0.801852 0.239844 0.801389 0.231771 0.802315 0.230208 0.803704 0.228385 0.80787 0.228125 0.816204 0.228906 0.818519 0.23125 0.822222 0.240104 0.830556 0.244792 0.830093 0.246094 0.822685 0.248177 0.818981 0.248958 0.827315 0.248698 0.832407 0.24401 0.849074 0.242708 0.856481 0.242708 0.860648 0.24401 0.866204 0.248177 0.85787 0.250781 0.861111 0.251563 0.864815 0.251302 0.885648 0.251823 0.887963 0.255729 0.884722 0.257031 0.87963 0.258854 0.876389 0.263542 0.871296 0.265885 0.856019 0.270833 0.843981 0.271354 0.840278 0.27526 0.834722 0.278906 0.843981 0.28724 0.844444 0.290104 0.835648 0.290625 0.827315 0.289844 0.822685 0.280469 0.818056 0.278646 0.816204 0.28099 0.797685 0.28099 0.786111 0.277604 0.771759 0.273958 0.766667
0 0.115104 0.686111 0.114062 0.690741 0.114323 0.698611 0.11901 0.708796 0.127578 0.719306 0.136172 0.714306 0.129427 0.705093 0.128542 0.69875 0.127083 0.689815 0.123177 0.685185
0 0.613021 0.536574 0.613542 0.54537 0.622135 0.546296 0.626042 0.552315 0.640885 0.56713 0.645833 0.569907 0.648177 0.569907 0.65026 0.568981 0.651042 0.566667 0.650781 0.558796 0.648958 0.551389 0.644792 0.542593 0.642188 0.539815 0.634896 0.534722 0.628646 0.53287 0.624167 0.531481 0.621615 0.534722 0.614844 0.533796
