0 0.154167 0.548611 0.153958 0.55838 0.154219 0.563241 0.154427 0.569444 0.158021 0.58125 0.162865 0.583102 0.164844 0.566204 0.164583 0.558796 0.163021 0.55463 0.16224 0.548611 0.159375 0.546759
0 0.251563 0.318519 0.25 0.323148 0.253125 0.325926 0.258073 0.327778 0.259635 0.330093 0.260937 0.335185 0.260937 0.338426 0.259115 0.343981 0.260937 0.347685 0.2625 0.354167 0.263542 0.356019 0.267448 0.357407 0.270052 0.363889 0.273438 0.36713 0.274635 0.368889 0.27737 0.370324 0.278333 0.364722 0.280208 0.359722 0.279948 0.351389 0.27474 0.337037 0.272917 0.330093 0.269792 0.327315 0.267708 0.322685 0.265104 0.322222 0.263802 0.318981 0.263542 0.312963 0.26224 0.311111 0.259635 0.310648 0.258594 0.315741 0.25651 0.318519
0 0.144896 0.518657 0.144349 0.520139 0.143906 0.522963 0.14375 0.525 0.146354 0.534722 0.152604 0.546759 0.154688 0.547685 0.158594 0.54537 0.159635 0.542593 0.160156 0.5375 0.157031 0.522685 0.155208 0.519444 0.14974 0.516204 0.146875 0.517778
0 0.43151 0.550926 0.430729 0.565278 0.428385 0.572685 0.428646 0.57963 0.429688 0.587037 0.43151 0.592593 0.436198 0.593981 0.440365 0.588889 0.44401 0.587037 0.441406 0.574537 0.439583 0.560648 0.438281 0.556481 0.435677 0.550926
0 0.711458 0.524074 0.714401 0.528194 0.715833 0.531111 0.71849 0.533796 0.720573 0.534722 0.724479 0.541204 0.727865 0.543056 0.736719 0.537037 0.740365 0.535648 0.741667 0.532407 0.741667 0.521296 0.741146 0.518519 0.740365 0.51713 0.73724 0.516667 0.736198 0.514815 0.735677 0.511111 0.733854 0.509722 0.723958 0.508333 0.716667 0.510185 0.713021 0.516204 0.711224 0.519676
0 0.344792 0.943056 0.342969 0.944907 0.342187 0.948148 0.342187 0.961574 0.347396 0.978241 0.349479 0.982407 0.353906 0.988426 0.35651 0.983796 0.357812 0.977315 0.35651 0.967593 0.355729 0.95463 0.354167 0.949537 0.35026 0.943981
0 0.307292 0.897222 0.305729 0.90463 0.30599 0.909259 0.307031 0.912963 0.31849 0.931481 0.326823 0.939815 0.333854 0.950926 0.334635 0.947222 0.332813 0.940741 0.334115 0.9375 0.335417 0.938426 0.336458 0.941204 0.341927 0.941667 0.341927 0.940278 0.339583 0.938889 0.338021 0.933796 0.336458 0.931944 0.334635 0.921296 0.332031 0.916204 0.330208 0.909722 0.322917 0.897222 0.314844 0.892593 0.309896 0.893519
0 0.111458 0.613426 0.110156 0.621296 0.110417 0.628241 0.111198 0.632407 0.114062 0.638889 0.115156 0.646019 0.120807 0.647222 0.123177 0.6375 0.123177 0.626389 0.122396 0.62037 0.121094 0.616204 0.11875 0.613426 0.115625 0.611574
0 0.415885 0.969907 0.414583 0.974537 0.414844 0.982407 0.415885 0.989815 0.417708 0.996759 0.419089 1 0.429167 1 0.432812 0.992222 0.428385 0.989352 0.426042 0.986111 0.42526 0.98287 0.422135 0.976852 0.420052 0.97037
0 0.138542 0.478704 0.13724 0.481944 0.136719 0.487037 0.136979 0.49537 0.138542 0.503241 0.143776 0.52 0.148255 0.516296 0.147396 0.509722 0.147396 0.502315 0.145833 0.490278 0.142708 0.481944
0 0.392448 0.747222 0.391146 0.749074 0.389844 0.753241 0.389583 0.760185 0.388542 0.762963 0.386979 0.773148 0.385417 0.799074 0.385417 0.808333 0.388542 0.831944 0.394531 0.851389 0.40026 0.859722 0.403906 0.859722 0.408073 0.8625 0.415365 0.863889 0.418229 0.862963 0.419792 0.860185 0.420052 0.856019 0.414844 0.833796 0.415365 0.808796 0.414844 0.800926 0.4125 0.787037 0.41224 0.772222 0.410417 0.771759 0.409115 0.769907 0.40651 0.760185 0.401042 0.750926 0.396875 0.747222
