0 0.907031 0.913426 0.909635 0.917593 0.922135 0.927315 0.935417 0.934259 0.936979 0.933333 0.938542 0.929167 0.939323 0.915741 0.938542 0.906019 0.935677 0.902315 0.928385 0.897685 0.924219 0.895833 0.919531 0.895833 0.915365 0.898148 0.910937 0.902315 0.908854 0.906019
0 0.169792 0.728704 0.16849 0.738889 0.169271 0.743981 0.175677 0.75713 0.18099 0.752963 0.179063 0.733333 0.176563 0.726852 0.172917 0.726852
0 0.960417 0.766667 0.958594 0.7625 0.951302 0.757407 0.948698 0.758333 0.943229 0.76713 0.939922 0.775926 0.939844 0.786481 0.946615 0.783333 0.955208 0.782407 0.959896 0.772685
0 0.840104 0.57963 0.839583 0.572685 0.832292 0.565278 0.826042 0.562963 0.808828 0.573148 0.808333 0.578241 0.800807 0.580093 0.796302 0.582778 0.800729 0.583333 0.803385 0.584722 0.801615 0.591574 0.810677 0.589352 0.809766 0.592361 0.814844 0.592593 0.821615 0.590741 0.830208 0.590741 0.834115 0.588426 0.83776 0.584722
0 0.259479 0.548241 0.257031 0.551852 0.256771 0.559722 0.259635 0.566667 0.261719 0.568056 0.266615 0.570185 0.268984 0.56662 0.269375 0.560046 0.267109 0.552361 0.264818 0.54875 0.262318 0.547963
0 0.142187 0.579167 0.13776 0.583333 0.134115 0.588889 0.133073 0.593056 0.132812 0.603241 0.133594 0.607407 0.136458 0.611574 0.138802 0.621296 0.139583 0.631944 0.140885 0.633796 0.142969 0.634259 0.145052 0.631019 0.146615 0.622685 0.146615 0.616667 0.145573 0.607407 0.143229 0.594907 0.143229 0.57963
0 0.763542 0.730556 0.760938 0.738426 0.760417 0.74537 0.760938 0.753704 0.763542 0.763889 0.767708 0.764815 0.769792 0.759722 0.770573 0.754167 0.770052 0.738426 0.767708 0.731019
0 0.134635 0.714815 0.131302 0.713056 0.130208 0.72037 0.130729 0.733796 0.131771 0.748333 0.134583 0.754722 0.139323 0.753287 0.142656 0.742778 0.140729 0.73213 0.138281 0.723889 0.136354 0.717315
0 0.818464 0.95463 0.820833 0.962037 0.823438 0.966667 0.829688 0.974074 0.834115 0.976852 0.83724 0.977315 0.840104 0.976389 0.841406 0.974537 0.841927 0.971296 0.841406 0.961111 0.838802 0.955093 0.834635 0.95 0.83125 0.948148 0.825521 0.948148 0.823177 0.95
0 0.533073 0.888426 0.529948 0.89213 0.528906 0.899537 0.530729 0.907407 0.53125 0.913426 0.533073 0.915741 0.53724 0.917593 0.543984 0.914722 0.540625 0.906019 0.539062 0.892593 0.53724 0.887963
0 0.688021 0.836574 0.6875 0.844444 0.691667 0.853704 0.693229 0.855093 0.707031 0.860648 0.704167 0.853704 0.709479 0.848611 0.695312 0.834259 0.693229 0.83287
