0 0.5125 0.688426 0.511458 0.685648 0.503646 0.680556 0.497656 0.680093 0.490104 0.684259 0.485391 0.687315 0.47763 0.6875 0.479948 0.691204 0.4775 0.698148 0.482031 0.699074 0.487031 0.70287 0.496875 0.702315 0.502604 0.702315 0.509635 0.698611 0.511719 0.694444 0.5125 0.691667
0 0.361198 0.556481 0.355729 0.565741 0.355208 0.573148 0.357292 0.575926 0.361198 0.578704 0.365365 0.577778 0.367708 0.567593 0.367188 0.558796 0.365625 0.556481
0 0.827865 0.681481 0.825781 0.681481 0.823698 0.683333 0.821615 0.683796 0.81901 0.686574 0.810156 0.6875 0.803646 0.690741 0.80026 0.694907 0.794531 0.70463 0.79401 0.712037 0.794792 0.713889 0.798177 0.715741 0.802865 0.715741 0.80651 0.714352 0.81276 0.708333 0.820573 0.694907 0.824479 0.691204 0.827708 0.690185 0.826562 0.686574
0 0.788542 0.669907 0.789036 0.664213 0.783594 0.672222 0.771094 0.679167 0.768385 0.680741 0.76599 0.683287 0.764583 0.685185 0.763021 0.685648 0.760938 0.690741 0.760677 0.698148 0.761198 0.7 0.763542 0.702315 0.767708 0.702778 0.776042 0.696759 0.78099 0.688426 0.784115 0.67963 0.790937 0.672222
0 0.648724 0.80412 0.645729 0.806157 0.642969 0.801389 0.632552 0.801389 0.629427 0.802778 0.626823 0.805556 0.624479 0.809722 0.623177 0.816204 0.61974 0.821667 0.617344 0.829676 0.617188 0.837222 0.622917 0.839815 0.627083 0.839815 0.632031 0.8375 0.638021 0.830093 0.640104 0.823611 0.642656 0.820926 0.645312 0.816204 0.649479 0.815694
0 0.247656 0.751389 0.244531 0.752037 0.241068 0.755926 0.24099 0.766111 0.242422 0.775556 0.246458 0.790046 0.249583 0.783009 0.250573 0.777222 0.251302 0.756944 0.25 0.752315
0 0.31362 0.58162 0.314583 0.584722 0.311719 0.593519 0.311979 0.597222 0.313021 0.600926 0.320052 0.609722 0.322656 0.610648 0.325781 0.613426 0.331771 0.613889 0.335677 0.611574 0.33776 0.608796 0.339583 0.600926 0.339844 0.593519 0.33724 0.588426 0.335156 0.586111 0.333411 0.584028 0.330729 0.581481 0.326302 0.580093
0 0.427344 0.558796 0.428125 0.562963 0.429948 0.566204 0.43151 0.567593 0.435937 0.56713 0.439583 0.565278 0.445312 0.559259 0.445573 0.551852 0.442969 0.549074 0.435417 0.548148 0.429427 0.552315 0.427865 0.555556
0 0.53724 0.447685 0.540365 0.453241 0.54401 0.455556 0.553385 0.455093 0.560937 0.452315 0.563802 0.448148 0.565365 0.433796 0.560417 0.431944 0.548698 0.432407 0.546094 0.433796 0.539583 0.440741
0 0.368229 0.489352 0.367188 0.485648 0.361979 0.483333 0.35651 0.484259 0.35 0.489352 0.345313 0.49537 0.341406 0.498611 0.338281 0.504167 0.340625 0.506944 0.34349 0.506944 0.349479 0.50463 0.353646 0.504167 0.360677 0.500926 0.365625 0.496759 0.367448 0.493056
