0 0.294453 0.831157 0.2875 0.824074 0.282813 0.824074 0.270052 0.836574 0.266328 0.839491 0.26388 0.849213 0.267188 0.848148 0.275781 0.847222 0.2875 0.84213 0.291927 0.837037
0 0.0783854 0.774074 0.0752604 0.76713 0.0700521 0.758796 0.0664062 0.756019 0.0625 0.755093 0.0552083 0.755556 0.0403646 0.759259 0.015625 0.769444 0 0.774074 0 0.840741 0.0236979 0.845833 0.0294271 0.845833 0.0369792 0.843519 0.0466146 0.8375 0.0567708 0.823611 0.0671875 0.81713 0.0744792 0.804954 0.077526 0.800139 0.0783854 0.792593 0.0794271 0.788426 0.0796875 0.780556
0 0.421615 0.510185 0.41276 0.510185 0.409375 0.509259 0.40651 0.510185 0.404167 0.513889 0.4 0.524074 0.39974 0.533796 0.40026 0.537963 0.404427 0.535185 0.40625 0.530556 0.409896 0.525926 0.4125 0.525 0.416667 0.526389 0.418229 0.525463
0 0.923958 0.593519 0.919271 0.587963 0.918229 0.581944 0.915885 0.581481 0.91224 0.586111 0.904167 0.589815 0.89974 0.593981 0.892188 0.609259 0.890365 0.614352 0.890625 0.616667 0.891927 0.619907 0.894792 0.621759 0.900781 0.621759 0.904948 0.619907 0.911458 0.614352 0.916406 0.608333 0.920312 0.598611
0 0.962526 0.826343 0.966771 0.833287 0.97276 0.836759 0.978542 0.835278 0.982552 0.829167 0.9875 0.825463 0.99349 0.823148 0.989583 0.818056 0.992344 0.812407 0.980469 0.808333 0.977161 0.809074 0.973568 0.810509 0.966146 0.813889 0.964583 0.816204 0.96237 0.821204
0 0.571745 0.93625 0.565443 0.9375 0.560417 0.943981 0.559635 0.947685 0.560234 0.957778 0.563151 0.965185 0.565495 0.963333 0.567995 0.968472 0.575547 0.951991 0.575833 0.939074
0 0.498177 0.411574 0.496875 0.418056 0.49401 0.423148 0.491406 0.445833 0.491406 0.45463 0.492188 0.459722 0.49401 0.465741 0.496094 0.466667 0.498437 0.466667 0.5 0.463889 0.500781 0.456019 0.499219 0.440741 0.498177 0.435185 0.497396 0.433796 0.497135 0.426852 0.498177 0.425463 0.498698 0.415741 0.5 0.413426
0 0.38125 0.699537 0.377344 0.70463 0.376563 0.712037 0.376823 0.713889 0.378385 0.715741 0.38099 0.716204 0.383333 0.712037 0.383594 0.702315 0.382812 0.700463
0 0.279167 0.891667 0.276823 0.897222 0.27526 0.908333 0.27526 0.914352 0.276562 0.92037 0.279427 0.925 0.282292 0.927315 0.28724 0.926389 0.290625 0.920833 0.291146 0.918519 0.291406 0.912037 0.290625 0.90787 0.2875 0.9 0.284115 0.894444
0 0.229323 0.745972 0.228385 0.762407 0.226406 0.772315 0.226823 0.781944 0.228438 0.790833 0.232552 0.787037 0.234635 0.781944 0.235677 0.777315 0.235625 0.760972 0.238437 0.748194
0 0.194271 0.558333 0.194531 0.566667 0.196094 0.570833 0.199479 0.574537 0.209375 0.586759 0.210807 0.581296 0.207552 0.572222 0.205208 0.562037 0.201302 0.556481 0.198177 0.55463 0.196615 0.55463
0 0.584115 0.314352 0.579948 0.315278 0.578125 0.319907 0.576042 0.320833 0.57474 0.322685 0.563281 0.350926 0.5625 0.357407 0.5625 0.365278 0.564063 0.370833 0.567969 0.369444 0.570052 0.364815 0.571354 0.358796 0.571875 0.350463 0.57526 0.335648 0.578385 0.327778 0.58099 0.323148 0.581771 0.318981 0.584115 0.31713
0 0.615365 0.763426 0.613099 0.758472 0.6125 0.76713 0.609635 0.79537 0.609896 0.803241 0.611458 0.806481 0.615365 0.807407 0.61849 0.802778 0.619531 0.798611 0.619271 0.789352 0.616406 0.781019 0.616406 0.773148
