0 0.661719 0.408333 0.659115 0.412963 0.659115 0.421759 0.660156 0.42963 0.665104 0.443056 0.665885 0.447222 0.669792 0.453241 0.672656 0.459722 0.673958 0.460648 0.67526 0.447685 0.674479 0.441204 0.674479 0.433796 0.672135 0.420833 0.669792 0.412963 0.666406 0.408333
0 0.0807292 0.122685 0.0755208 0.122222 0.0726563 0.125463 0.0682292 0.141204 0.0682292 0.144444 0.0700521 0.149537 0.0721354 0.150926 0.0765625 0.150926 0.0799479 0.149074 0.0825521 0.143981 0.0833333 0.139352 0.0830729 0.127778
0 0.26276 0.433796 0.263021 0.441204 0.265365 0.447685 0.267708 0.451852 0.271875 0.45463 0.273958 0.453241 0.276823 0.448472 0.278125 0.440741 0.273958 0.435185 0.26875 0.432407
0 0.72526 0.190741 0.721823 0.191667 0.719792 0.192593 0.71849 0.193981 0.710938 0.192593 0.704948 0.193056 0.699219 0.191667 0.688021 0.192593 0.685677 0.194444 0.676823 0.206481 0.673958 0.211574 0.67474 0.218981 0.678906 0.222685 0.682292 0.224074 0.689063 0.223611 0.702865 0.218056 0.711302 0.214167 0.716146 0.208333 0.725208 0.205463 0.718542 0.201667 0.719531 0.198796 0.721979 0.19537 0.72474 0.193056
0 0.329948 0.338889 0.328906 0.343981 0.33125 0.350926 0.338021 0.361574 0.347656 0.37037 0.353385 0.37963 0.357917 0.382593 0.361458 0.37963 0.364844 0.384259 0.367969 0.386574 0.370469 0.390093 0.376823 0.38463 0.373333 0.378796 0.370312 0.377315 0.366406 0.371759 0.365625 0.368519 0.365625 0.364352 0.353906 0.343519 0.35026 0.338426 0.346615 0.336111 0.333333 0.336574
0 0.211458 0.476389 0.208854 0.474537 0.207292 0.476389 0.201042 0.478704 0.197656 0.482407 0.194245 0.492083 0.191302 0.500324 0.192135 0.506667 0.201563 0.497685 0.205208 0.493981 0.211719 0.483796 0.211979 0.479167
0 0.271667 0.474306 0.271615 0.480556 0.272135 0.484259 0.27526 0.490278 0.280651 0.501204 0.281562 0.49375 0.280469 0.487963 0.277344 0.475926 0.276042 0.474537
0 0.752865 0.665278 0.751302 0.665278 0.746615 0.669907 0.744792 0.676852 0.747917 0.685648 0.751823 0.690278 0.758203 0.692731 0.759974 0.685926 0.757292 0.676852 0.75599 0.673611 0.754948 0.668056
0 0.224479 0.703287 0.223724 0.707639 0.228125 0.715741 0.234297 0.723426 0.236979 0.724537 0.242214 0.724444 0.243672 0.719676 0.241927 0.711111 0.241146 0.707407 0.239583 0.70463 0.236198 0.702315 0.230573 0.701389
0 0.170052 0.484722 0.164089 0.487083 0.164766 0.495324 0.165625 0.498148 0.166406 0.503241 0.170573 0.511111 0.173698 0.514815 0.18112 0.523333 0.182943 0.511528 0.183073 0.503241 0.182031 0.501389 0.18125 0.496759 0.178385 0.489815 0.173958 0.484259
0 0.313802 0.751852 0.313802 0.756019 0.318229 0.771296 0.322135 0.774537 0.326042 0.775926 0.334115 0.776852 0.335938 0.774537 0.332839 0.767731 0.331536 0.761991 0.329688 0.753241 0.31901 0.748611 0.315885 0.749074
