0 0.145052 0.510185 0.143229 0.516667 0.143229 0.523148 0.144271 0.530093 0.151823 0.538102 0.154948 0.550417 0.158464 0.547639 0.158333 0.5375 0.157292 0.531019 0.15599 0.523981 0.154688 0.516204 0.151042 0.510185 0.148177 0.509259
0 0.132995 0.524306 0.129688 0.526852 0.129062 0.534259 0.129349 0.545509 0.125234 0.545833 0.121276 0.555972 0.129557 0.552269 0.132839 0.547963 0.136276 0.538611 0.137344 0.52912
0 0.847995 0.748843 0.847187 0.740185 0.838281 0.7375 0.834687 0.734676 0.830807 0.733611 0.826484 0.734861 0.822656 0.736806 0.817448 0.738889 0.813464 0.745 0.811458 0.754167 0.815365 0.762963 0.818229 0.766667 0.82474 0.769444 0.830469 0.769444 0.835417 0.76713 0.838021 0.763426 0.838542 0.761111 0.840885 0.756944 0.84375 0.75463 0.847187 0.755231
0 0.389062 0.878241 0.388542 0.880093 0.388542 0.886111 0.392708 0.892593 0.398438 0.896759 0.407031 0.909815 0.412292 0.915741 0.411979 0.909722 0.417448 0.913889 0.41901 0.916667 0.419714 0.918519 0.421615 0.920833 0.423958 0.924074 0.423307 0.921065 0.422578 0.918519 0.420703 0.913056 0.41901 0.908796 0.417969 0.906481 0.419531 0.90463 0.420833 0.90463 0.42349 0.906481 0.427292 0.905463 0.429167 0.903843 0.422604 0.902778 0.417865 0.898287 0.420312 0.89537 0.419792 0.893056 0.415104 0.885648 0.408333 0.871759 0.404427 0.868981 0.39375 0.871296 0.390365 0.877315
0 0.146354 0.725463 0.142708 0.73287 0.144792 0.736574 0.146875 0.742593 0.14974 0.746759 0.151068 0.747083 0.152266 0.747639 0.154531 0.748102 0.15625 0.750463 0.158854 0.749537 0.160938 0.746759 0.158333 0.739352 0.155937 0.729167 0.15237 0.725926
0 0.138281 0.428241 0.142448 0.435648 0.148177 0.436111 0.150521 0.435185 0.154089 0.432083 0.159896 0.42963 0.161458 0.429722 0.164453 0.431111 0.165104 0.422222 0.164661 0.419815 0.160729 0.41537 0.150443 0.413981 0.145052 0.415741 0.140104 0.419907 0.137839 0.424074
0 0.142448 0.532407 0.140625 0.536574 0.139063 0.543981 0.139844 0.552778 0.146094 0.57037 0.149219 0.573148 0.151823 0.580556 0.154427 0.581944 0.1575 0.582222 0.154688 0.564352 0.152865 0.544444 0.151042 0.538889 0.146615 0.53287
0 0 0.695833 0.00703125 0.694444 0.0229167 0.698148 0.0299479 0.698148 0.0333333 0.696759 0.0354167 0.693056 0.0356771 0.687037 0.0330729 0.669907 0.0361979 0.667593 0.0393229 0.668519 0.0445313 0.674537 0.0526042 0.681481 0.0552083 0.680093 0.05625 0.677315 0.0572917 0.663889 0.0567708 0.65787 0.0572917 0.649537 0.0622396 0.640741 0.0674479 0.635648 0.0677083 0.631019 0.06875 0.628241 0.0674479 0.628241 0.0660156 0.628657 0.0643229 0.630093 0.0630208 0.631944 0.0559896 0.635185 0.0492187 0.639815 0.0385417 0.64213 0.0369792 0.640741 0.0367188 0.636574 0.0380208 0.622222 0.0372396 0.614352 0 0.614352
0 0.490365 0.915741 0.489323 0.92037 0.490885 0.927315 0.497917 0.940278 0.501563 0.944907 0.50651 0.948611 0.509375 0.952315 0.514323 0.951389 0.517448 0.95463 0.519531 0.953241 0.521094 0.95 0.523854 0.94412 0.51849 0.940278 0.516146 0.938426 0.513802 0.933333 0.509115 0.927778 0.504948 0.92037 0.500781 0.916204 0.495312 0.913426 0.492448 0.913426
0 0.474479 0.680556 0.470313 0.684259 0.467708 0.690741 0.469792 0.709259 0.472396 0.716204 0.476562 0.718981 0.478385 0.721296 0.482552 0.722685 0.4875 0.717593 0.488802 0.713889 0.488802 0.708796 0.486719 0.705093 0.488542 0.7 0.488542 0.696296 0.48776 0.693519 0.481771 0.683796 0.478646 0.681019
0 0.274479 0.691667 0.272917 0.693981 0.272396 0.696759 0.272656 0.706019 0.273958 0.715741 0.279167 0.726389 0.281068 0.729769 0.282031 0.723148 0.285833 0.721852 0.282552 0.712963 0.282292 0.703704 0.28125 0.69537 0.277578 0.691944
0 0.533854 0.885185 0.533073 0.893056 0.534635 0.898148 0.538021 0.90463 0.540885 0.9125 0.544792 0.918981 0.547135 0.920833 0.551562 0.927315 0.552865 0.927778 0.554167 0.91787 0.551042 0.905093 0.545312 0.888889 0.541406 0.885185 0.5375 0.884259
