0 0.423516 0.622222 0.423698 0.631481 0.423438 0.633796 0.421172 0.636389 0.423177 0.639676 0.423438 0.64213 0.425781 0.645833 0.427344 0.654167 0.433333 0.67037 0.439323 0.677315 0.44349 0.677315 0.444792 0.673611 0.445052 0.668519 0.44349 0.656019 0.441927 0.649074 0.434453 0.634398 0.43151 0.636111 0.429427 0.634722 0.428125 0.631481 0.427005 0.626898
0 0.373255 0.565926 0.364635 0.564259 0.357812 0.5625 0.355208 0.562963 0.349479 0.572685 0.346615 0.57963 0.346615 0.587037 0.34974 0.593519 0.353646 0.586111 0.361875 0.585 0.3625 0.581019 0.367865 0.58 0.366146 0.572222
0 0.00817708 0.366065 0.00455729 0.36838 0.0179687 0.384722 0.0192708 0.387963 0.0208333 0.395833 0.0229167 0.4 0.028125 0.404167 0.0322917 0.406019 0.0411458 0.405093 0.0440104 0.401852 0.0445313 0.4 0.0440104 0.393056 0.0445313 0.385185 0.0398437 0.378241 0.03125 0.367593 0.0216146 0.359259 0.0188802 0.357546 0.0174479 0.363426 0.0135417 0.357407 0.00940104 0.355648
0 0.26875 0.438102 0.270573 0.441204 0.274219 0.450463 0.275781 0.461574 0.279948 0.475926 0.283594 0.48287 0.286198 0.485185 0.290104 0.484722 0.291146 0.481944 0.290104 0.471296 0.289844 0.460648 0.289062 0.456481 0.285417 0.450926 0.28 0.441574 0.275781 0.438889 0.274974 0.437037 0.273854 0.433704 0.271484 0.430972
0 0.0841146 0.247222 0.0799479 0.248148 0.0760417 0.256944 0.0742188 0.263889 0.0731771 0.272222 0.0731771 0.281481 0.0747396 0.288426 0.0757812 0.289815 0.0765625 0.289815 0.0776042 0.287963 0.0791667 0.281944 0.0856771 0.271759 0.0882813 0.265278 0.0890625 0.260648 0.0875 0.253241
0 0.594401 0.660556 0.58776 0.665278 0.583073 0.669907 0.576042 0.684259 0.573958 0.690741 0.573438 0.696296 0.573438 0.705093 0.575521 0.709722 0.577344 0.709722 0.579688 0.70787 0.583073 0.698611 0.584635 0.690278 0.590885 0.67037
0 0.846875 0.711574 0.845833 0.718056 0.845833 0.728241 0.846615 0.73287 0.849479 0.736111 0.854167 0.739352 0.857292 0.743519 0.861198 0.744444 0.864323 0.747222 0.869531 0.746759 0.86875 0.737963 0.866406 0.730556 0.861458 0.719907 0.857812 0.715741 0.852865 0.713426 0.84974 0.710185
0 0.19401 0.322685 0.194531 0.330093 0.196354 0.33287 0.199219 0.343981 0.202344 0.350926 0.202865 0.354167 0.204167 0.356481 0.21276 0.363889 0.214583 0.363889 0.216927 0.365741 0.216927 0.352315 0.213542 0.338889 0.209115 0.331481 0.200781 0.322222 0.196406 0.315093
0 0.196875 0.565741 0.191797 0.570926 0.198568 0.580093 0.195026 0.583241 0.204687 0.589352 0.2125 0.595833 0.216406 0.595833 0.21849 0.595556 0.220964 0.593009 0.220677 0.587083 0.219531 0.58287 0.217969 0.576852 0.213984 0.572176 0.209635 0.570324 0.204948 0.57037 0.201667 0.565648 0.200729 0.57213 0.197396 0.565278
0 0.643854 0.715139 0.647656 0.725926 0.649479 0.728241 0.638932 0.735093 0.643802 0.73912 0.648698 0.743148 0.65026 0.74537 0.65026 0.747222 0.651302 0.747222 0.649896 0.751435 0.653125 0.753704 0.658073 0.756944 0.666146 0.767593 0.672656 0.771759 0.677083 0.775926 0.68151 0.775463 0.686198 0.776389 0.689583 0.774537 0.689063 0.76713 0.6875 0.764815 0.684635 0.750926 0.68151 0.739815 0.676823 0.732407 0.670052 0.728704 0.661979 0.727778 0.660677 0.725463 0.659375 0.725463 0.658073 0.724074 0.655 0.721852 0.657031 0.726852 0.659896 0.731944 0.658073 0.734722 0.65651 0.732407 0.655182 0.731389 0.653151 0.729583 0.650312 0.724676
0 0.89151 0.819769 0.886823 0.810185 0.880182 0.813565 0.880156 0.80787 0.874115 0.809861 0.869948 0.809722 0.866667 0.810185 0.861198 0.812037 0.856094 0.817454 0.854427 0.821759 0.849479 0.830556 0.847917 0.843981 0.850781 0.847685 0.85651 0.849537 0.860938 0.849537 0.86875 0.846759 0.872917 0.843056 0.876302 0.837037 0.876823 0.832407 0.878906 0.828704 0.883594 0.824074 0.886198 0.823148
0 0.125208 0.52662 0.122526 0.533056 0.126953 0.541713 0.136458 0.552315 0.142187 0.555093 0.14401 0.55463 0.1475 0.547454 0.14349 0.538287 0.132266 0.528843 0.133099 0.533796
0 0.021875 0.808333 0.0231771 0.815278 0.0299479 0.826852 0.0346354 0.830556 0.0424479 0.831019 0.0471354 0.836574 0.0526042 0.841204 0.0565104 0.84213 0.0635417 0.841667 0.0729167 0.838889 0.075 0.840278 0.0802083 0.847222 0.0820312 0.843981 0.0851563 0.834722 0.0872396 0.831019 0.0885417 0.830093 0.0890625 0.822685 0.08125 0.814815 0.0796875 0.812037 0.0789062 0.808796 0.0710937 0.794444 0.0664062 0.789352 0.0606771 0.785648 0.0539063 0.783796 0.0463542 0.783796 0.0424479 0.785185 0.0268229 0.796296 0.0234375 0.802315
0 0.0759115 0.458472 0.0826563 0.465417 0.0953125 0.46713 0.0994792 0.469907 0.103646 0.469444 0.110964 0.461389 0.110677 0.454167 0.109375 0.452315 0.1 0.44537 0.085599 0.445694 0.0745833 0.447454
0 0.158073 0.348611 0.15599 0.360648 0.15599 0.372685 0.157812 0.376852 0.164844 0.378241 0.170833 0.377778 0.177604 0.37963 0.179766 0.383009 0.178464 0.387824 0.183411 0.402778 0.190781 0.418102 0.200521 0.422685 0.208333 0.430556 0.220312 0.44537 0.232292 0.453241 0.2375 0.455093 0.245573 0.456019 0.248958 0.454167 0.24974 0.446759 0.248177 0.434722 0.246875 0.431944 0.246354 0.426852 0.241406 0.412963 0.23724 0.403704 0.234115 0.39213 0.229948 0.384722 0.220833 0.371296 0.21901 0.369907 0.215104 0.363426 0.205208 0.356944 0.198437 0.356019 0.188802 0.356481 0.18724 0.357407 0.186198 0.360648 0.184896 0.361111 0.18099 0.356019 0.173958 0.336574 0.170833 0.333796 0.165365 0.336574 0.161979 0.340741
