0 0.870365 0.66537 0.868906 0.674398 0.875807 0.679259 0.884635 0.680093 0.889062 0.681019 0.9 0.674074 0.904922 0.669444 0.916797 0.667222 0.914219 0.659398 0.916146 0.649676 0.909115 0.653704 0.900182 0.660417 0.892708 0.65463 0.890885 0.653241 0.888516 0.652407 0.885521 0.653843 0.883333 0.652778 0.878906 0.656019 0.876302 0.658796
0 0.185026 0.616389 0.185885 0.622176 0.186719 0.626343 0.188281 0.633796 0.190104 0.639352 0.197135 0.649537 0.204063 0.662315 0.205443 0.658935 0.207943 0.657824 0.204427 0.64537 0.204687 0.634259 0.203906 0.628241 0.202604 0.624537 0.197396 0.615741 0.187604 0.614676
0 0.54974 0.641667 0.55 0.644907 0.551302 0.648148 0.55625 0.650926 0.56224 0.651852 0.571198 0.651019 0.571771 0.648009 0.573047 0.643704 0.568281 0.638935 0.56276 0.636111 0.558333 0.635648 0.552344 0.637037
0 0.155729 0.637963 0.154167 0.639815 0.153646 0.642593 0.153646 0.650463 0.154427 0.656944 0.157292 0.663889 0.158646 0.666389 0.160625 0.665463 0.161979 0.661713 0.161406 0.644537 0.160521 0.640833 0.159635 0.6375 0.157812 0.637037
0 0.366406 0.628241 0.366406 0.635648 0.370833 0.642593 0.373698 0.644907 0.384896 0.649537 0.394271 0.652963 0.396354 0.647222 0.397917 0.649537 0.404427 0.650463 0.404948 0.649074 0.402604 0.646759 0.401042 0.64213 0.402604 0.639352 0.409375 0.635648 0.408594 0.634722 0.40026 0.634259 0.398698 0.631944 0.398438 0.628241 0.396875 0.625926 0.392708 0.624074 0.384896 0.615741 0.38099 0.614815 0.377604 0.61713 0.376042 0.619907 0.372917 0.622685 0.36901 0.624074
0 0.233594 0.831019 0.232292 0.831944 0.23151 0.8375 0.232292 0.847685 0.233594 0.855556 0.233854 0.865278 0.236198 0.877315 0.2375 0.879167 0.239063 0.887037 0.240104 0.906019 0.242708 0.908333 0.243229 0.913426 0.244271 0.915278 0.247656 0.913426 0.247656 0.906481 0.248698 0.904167 0.252083 0.887963 0.254167 0.872222 0.254688 0.862037 0.254427 0.850463 0.252083 0.8375 0.249219 0.83287 0.244531 0.831019
0 0.86224 0.270833 0.861719 0.273611 0.86224 0.280556 0.864062 0.285185 0.866667 0.288426 0.873698 0.290741 0.885677 0.289815 0.888281 0.291204 0.889844 0.288889 0.889583 0.282407 0.888802 0.278704 0.883073 0.268519 0.877083 0.261574 0.872396 0.260185 0.86875 0.262037 0.863802 0.26713
0 0.255469 0.64537 0.254688 0.65 0.255729 0.656019 0.261198 0.669444 0.263021 0.670833 0.272396 0.673148 0.275521 0.681019 0.276302 0.685 0.278542 0.680231 0.280729 0.676852 0.277344 0.673148 0.273698 0.666667 0.272917 0.663426 0.272917 0.655093 0.272135 0.651852 0.270573 0.649074 0.259896 0.644907
0 0.556771 0.425463 0.553385 0.426852 0.552604 0.428241 0.552344 0.431944 0.552604 0.444907 0.554948 0.45 0.55625 0.455556 0.557031 0.455093 0.558333 0.444907 0.557813 0.426852
0 0.168906 0.647778 0.16599 0.647315 0.164062 0.649074 0.163542 0.653704 0.163802 0.669907 0.165625 0.676389 0.170052 0.683333 0.172396 0.680093 0.173177 0.675 0.17276 0.672083 0.172161 0.669167 0.171146 0.66213 0.170104 0.653241
