0 0.15026 0.63287 0.147135 0.641667 0.146875 0.64537 0.147135 0.651852 0.148438 0.658333 0.14974 0.661111 0.153646 0.664352 0.158333 0.664815 0.161458 0.66713 0.166146 0.66713 0.167448 0.664815 0.169792 0.663426 0.170313 0.656019 0.165365 0.656944 0.161979 0.656481 0.161458 0.655556 0.160938 0.649074 0.158073 0.643519 0.157292 0.634722 0.15599 0.631481 0.153646 0.630556
0 0.429688 0.746296 0.429688 0.753704 0.43125 0.758796 0.442969 0.769444 0.447396 0.77037 0.448177 0.768981 0.450781 0.759722 0.448698 0.753241 0.444792 0.746296 0.440104 0.74213 0.43151 0.742593
0 0.509375 0.537037 0.508854 0.537963 0.508594 0.54537 0.510938 0.551852 0.513542 0.556019 0.516927 0.558796 0.521615 0.565278 0.527865 0.569907 0.529167 0.573148 0.53151 0.575926 0.532292 0.580093 0.533333 0.580556 0.533854 0.575463 0.534896 0.573611 0.536458 0.573148 0.535937 0.565741 0.534115 0.563426 0.533333 0.558333 0.527344 0.544907 0.522917 0.5375 0.521354 0.536111 0.515104 0.535648
0 0.389583 0.461111 0.388021 0.468981 0.390885 0.475926 0.40026 0.478241 0.402865 0.475926 0.403385 0.468519 0.399219 0.459722 0.397135 0.458333 0.390625 0.459722
0 0.341406 0.39213 0.337656 0.390741 0.335 0.396157 0.331771 0.406019 0.33125 0.409259 0.327344 0.416667 0.326042 0.417593 0.326042 0.421759 0.329948 0.421296 0.332292 0.416667 0.334115 0.415741 0.335417 0.413426 0.337813 0.411065 0.341927 0.4
0 0.670833 0.488889 0.66849 0.483796 0.665885 0.481019 0.66224 0.479167 0.658333 0.480093 0.650521 0.486574 0.644271 0.497685 0.637839 0.501343 0.638542 0.504167 0.639141 0.51125 0.642708 0.511574 0.646094 0.506944 0.655469 0.507407 0.658594 0.506481 0.663281 0.502778 0.665885 0.499537 0.670052 0.492593
0 0.0544271 0.673611 0.0541667 0.678241 0.0549479 0.681481 0.0588542 0.6875 0.0640625 0.691204 0.0695313 0.691667 0.0723958 0.690278 0.0777865 0.694213 0.0783854 0.687963 0.0825 0.684954 0.078125 0.676852 0.0721354 0.66713 0.0708333 0.666204 0.0679687 0.665741 0.0565104 0.669907
0 0.0278646 0.628241 0.0247396 0.625926 0.0205729 0.624074 0.0114583 0.625 0.00598958 0.628241 0.00182292 0.63287 0 0.63287 0 0.638426 0.00572917 0.639815 0.009375 0.64213 0.0138021 0.642593 0.028125 0.635648
0 0.140104 0.55463 0.134661 0.55588 0.13276 0.56037 0.139063 0.572222 0.146875 0.582407 0.149323 0.58625 0.15526 0.596157 0.161302 0.590926 0.157526 0.576991 0.150677 0.563102 0.147578 0.557454 0.142891 0.555
0 0.96901 0.587037 0.970573 0.588889 0.975521 0.590278 0.982552 0.589815 0.988281 0.585185 0.994271 0.583333 0.994531 0.57963 0.988281 0.578704 0.982552 0.576389 0.973698 0.576852 0.970313 0.57963
