0 0.0604167 0.614352 0.0606771 0.621759 0.0638021 0.626852 0.0752604 0.633333 0.089349 0.637546 0.0940104 0.624444 0.0804688 0.623148 0.0747396 0.614352 0.0684896 0.6125 0.0648438 0.610185 0.0617188 0.611574
0 0.0314323 0.474028 0.0341146 0.483333 0.0385417 0.49537 0.0411458 0.5 0.0447917 0.503704 0.0528646 0.50463 0.060625 0.511343 0.0608594 0.506389 0.0671875 0.504074 0.0609115 0.495139 0.0558854 0.486759 0.0502083 0.481019 0.0460938 0.474074 0.0416667 0.471759 0.0393229 0.472222
0 0.0138021 0.648148 0.0114583 0.65463 0.0111979 0.658333 0.0145833 0.680093 0.0174479 0.683796 0.0210938 0.685185 0.0252604 0.684722 0.0274219 0.695556 0.0319792 0.689583 0.0352083 0.674028 0.0325521 0.65463 0.0317708 0.649537 0.0294271 0.64537 0.0265625 0.644907 0.0182292 0.64537
0 0.558073 0.409722 0.557552 0.415741 0.558333 0.419444 0.560677 0.422222 0.5625 0.427315 0.566146 0.430093 0.56901 0.435185 0.571875 0.437037 0.575521 0.435648 0.578125 0.430093 0.578906 0.427315 0.578646 0.42037 0.576302 0.413426 0.572396 0.408333 0.56849 0.406019 0.563802 0.405093 0.561458 0.40787
0 0.125911 0.569352 0.120833 0.568981 0.115885 0.566204 0.110937 0.566667 0.104948 0.575 0.104427 0.581019 0.105729 0.584259 0.108594 0.585185 0.120313 0.580556 0.127005 0.574306
0 0.857552 0.433796 0.85599 0.437963 0.855469 0.443519 0.855729 0.448148 0.858594 0.456944 0.860677 0.460648 0.865365 0.465278 0.867708 0.466204 0.871875 0.465278 0.872917 0.462963 0.873698 0.455093 0.873698 0.446759 0.871875 0.440741 0.86901 0.436111 0.864844 0.431944 0.861198 0.431019
0 0.000807292 0.766898 0.00161458 0.780139 0.00208333 0.783796 0.00364583 0.790278 0.00963542 0.79537 0.0125 0.800926 0.0153646 0.803704 0.0227344 0.808889 0.0253646 0.805972 0.0280729 0.797407 0.0216146 0.790278 0.0208333 0.781019 0.0190104 0.774074 0.0145833 0.768981 0.0117188 0.76713 0.00651042 0.765278
0 0.202083 0.70463 0.200781 0.704167 0.199219 0.706019 0.197135 0.706481 0.195052 0.709259 0.189323 0.713889 0.186458 0.718519 0.185677 0.723611 0.185938 0.73287 0.188724 0.730463 0.19349 0.7275 0.198906 0.719537 0.201875 0.715046
0 0.603646 0.439352 0.600781 0.432407 0.598177 0.430093 0.591667 0.429167 0.586979 0.430556 0.583333 0.433333 0.580208 0.440278 0.576042 0.446296 0.576042 0.452778 0.583333 0.455556 0.597135 0.453241 0.602083 0.448148 0.603646 0.443056
0 0.169349 0.757454 0.166406 0.755972 0.162839 0.754722 0.158672 0.754028 0.154688 0.755093 0.152604 0.760185 0.151823 0.766204 0.152083 0.769444 0.154167 0.772685 0.158333 0.772685 0.166406 0.767593 0.170755 0.769491 0.171849 0.763241
