0 0.430208 0.595833 0.427083 0.594907 0.421615 0.6 0.422891 0.608287 0.419557 0.614259 0.427865 0.614815 0.429948 0.611574 0.43099 0.60787 0.43125 0.599537
0 0.283073 0.92963 0.276823 0.933796 0.274219 0.939815 0.274219 0.944907 0.27526 0.952315 0.278125 0.960648 0.280469 0.964352 0.283594 0.966667 0.286979 0.964352 0.290755 0.962037 0.295964 0.95375 0.292187 0.939815 0.290625 0.934259 0.288802 0.931481
0 0.15026 0.496296 0.150521 0.504167 0.152604 0.510648 0.155208 0.514815 0.156771 0.519907 0.164948 0.527407 0.171823 0.528333 0.176406 0.521574 0.173359 0.5125 0.167187 0.503611 0.161979 0.496296 0.158854 0.493519 0.154688 0.49213
0 0.197917 0.767593 0.196875 0.767593 0.194792 0.771759 0.191146 0.791204 0.190104 0.793519 0.189062 0.798194 0.189323 0.802778 0.191146 0.805231 0.194193 0.800417 0.197396 0.789352 0.198958 0.774537 0.198698 0.769907
0 0.902865 0.856481 0.901042 0.863426 0.901302 0.871759 0.902865 0.883796 0.903646 0.886574 0.905469 0.889352 0.911458 0.891667 0.922135 0.9 0.935417 0.906481 0.939844 0.911111 0.947135 0.915278 0.950521 0.914815 0.952083 0.913426 0.954271 0.90463 0.955469 0.897454 0.955729 0.892593 0.957292 0.885185 0.955208 0.88287 0.951823 0.881019 0.947135 0.880556 0.945573 0.878241 0.945312 0.869444 0.94401 0.864815 0.933854 0.856019 0.923958 0.851389 0.920833 0.848148 0.915885 0.848148 0.904948 0.853241
0 0.15151 0.563333 0.146094 0.565278 0.142448 0.567593 0.137734 0.575926 0.132969 0.587731 0.135964 0.589537 0.145313 0.580093 0.147656 0.577315 0.148438 0.574537 0.150755 0.569444
0 0.231771 0.350463 0.228906 0.35463 0.227604 0.3625 0.227604 0.372685 0.228646 0.377778 0.232552 0.381019 0.235677 0.384444 0.236719 0.37963 0.239323 0.371296 0.236458 0.362037 0.235156 0.353704 0.233594 0.350926
0 0.343229 0.511389 0.345052 0.518519 0.341146 0.522037 0.347135 0.524537 0.348776 0.529861 0.361198 0.532407 0.368229 0.531481 0.369271 0.528704 0.369531 0.523148 0.364583 0.514815 0.36276 0.512963 0.35625 0.5125 0.352083 0.515278 0.347656 0.515741 0.346354 0.514352 0.345625 0.511991
0 0.193229 0.590741 0.191042 0.595556 0.191927 0.60787 0.192708 0.6125 0.194792 0.616667 0.197135 0.618519 0.205208 0.618981 0.211615 0.630833 0.214479 0.624491 0.208854 0.610648 0.207292 0.603241 0.202865 0.593981 0.199479 0.591667
0 0.172969 0.544722 0.173958 0.552778 0.176042 0.55787 0.185417 0.565278 0.189323 0.565741 0.195964 0.574861 0.19638 0.570093 0.200182 0.570741 0.19375 0.559722 0.192448 0.550926 0.189323 0.54537 0.185677 0.542593 0.178359 0.54375
0 0.456771 0.843519 0.454948 0.849537 0.454688 0.858796 0.455469 0.864815 0.458333 0.874537 0.460312 0.879861 0.46276 0.878704 0.466927 0.88287 0.469167 0.869907 0.466667 0.864352 0.46901 0.860694 0.464323 0.853704 0.463021 0.846759 0.461458 0.843519 0.459115 0.84213
