0 0.326302 0.30463 0.322135 0.303704 0.320052 0.305556 0.315625 0.312037 0.314323 0.316204 0.313542 0.321759 0.313542 0.330556 0.314323 0.336111 0.315885 0.340278 0.318229 0.342593 0.321875 0.341204 0.323698 0.338889 0.328646 0.330093 0.330469 0.323611 0.330729 0.315741 0.328125 0.312037
0 0.356771 0.00291667 0.359635 0.0111111 0.360417 0.0189815 0.358854 0.0305556 0.354245 0.0389352 0.361458 0.0393519 0.361979 0.0453704 0.365104 0.0555556 0.367708 0.0587963 0.370833 0.0592593 0.372917 0.0583333 0.373958 0.062037 0.375 0.0634259 0.38099 0.0634259 0.386198 0.0560185 0.391146 0.0523148 0.394792 0.0453704 0.39974 0.0384259 0.401562 0.0328704 0.400521 0 0.3625 0 0.3625 0.00324074 0.360938 0.0037037
0 0.489063 0.294907 0.490885 0.298611 0.491146 0.302315 0.492708 0.30463 0.49375 0.308796 0.492969 0.312963 0.490885 0.315741 0.488542 0.321204 0.49349 0.320833 0.496094 0.319907 0.501302 0.32037 0.502083 0.321296 0.503125 0.326389 0.504948 0.32963 0.509635 0.335648 0.513542 0.338889 0.521354 0.340741 0.533594 0.339815 0.542708 0.334722 0.545312 0.330556 0.544271 0.323611 0.541146 0.312963 0.534115 0.301389 0.529687 0.297222 0.52526 0.294907 0.513542 0.294907 0.509635 0.296759 0.502865 0.301852 0.502083 0.303704 0.498437 0.302315 0.494271 0.296759 0.492969 0.296759 0.491667 0.294907
0 0.401042 0 0.400521 0.0111111 0.401823 0.024537 0.401562 0.0319444 0.40026 0.0361111 0.390625 0.0518519 0.391146 0.0587963 0.397135 0.0662037 0.404948 0.0731481 0.409115 0.075463 0.416667 0.0773148 0.425781 0.0763889 0.427865 0.075 0.430469 0.0694444 0.434635 0.0685185 0.436979 0.0666667 0.439323 0.0592593 0.438281 0.0518519 0.435677 0.0481481 0.433333 0.0481481 0.43125 0.0458333 0.43125 0.0375 0.427865 0.0277778 0.421875 0.0171296 0.41276 0.00509259 0.410156 0.0037037 0.409896 0
0 0.811719 0.453241 0.809167 0.461157 0.814583 0.4625 0.817187 0.464352 0.822396 0.473148 0.826042 0.477315 0.834115 0.481944 0.836719 0.482407 0.845313 0.481481 0.846094 0.480093 0.846354 0.468519 0.845833 0.465278 0.844271 0.461574 0.839844 0.456944 0.835677 0.45463 0.830729 0.453704 0.819271 0.455556 0.814583 0.450926 0.809479 0.45037
0 0.59401 0.711574 0.586198 0.711574 0.58151 0.718519 0.579427 0.723611 0.578385 0.73287 0.580729 0.744907 0.578646 0.75963 0.583854 0.760185 0.588021 0.759722 0.596354 0.755556 0.59974 0.747222 0.603906 0.739815 0.603646 0.732407 0.601562 0.724537 0.599479 0.719444 0.595573 0.712963
0 0.245964 0.107546 0.248984 0.113981 0.250781 0.116667 0.251563 0.12037 0.251563 0.124074 0.252604 0.127778 0.252083 0.130556 0.24724 0.128102 0.250547 0.134676 0.254167 0.137963 0.257031 0.142593 0.258594 0.143519 0.2625 0.151389 0.269792 0.169907 0.275521 0.180093 0.284115 0.191204 0.290625 0.196296 0.295052 0.198148 0.307031 0.198148 0.307031 0.189352 0.30599 0.176389 0.301302 0.162963 0.297396 0.156019 0.288021 0.144444 0.282813 0.140278 0.272135 0.135185 0.26224 0.132407 0.257292 0.124074 0.25599 0.12037 0.254505 0.118056 0.252865 0.114352 0.250026 0.111528
0 0.429948 0.45463 0.429688 0.464352 0.43151 0.479167 0.434115 0.486111 0.439844 0.495833 0.442969 0.498611 0.448958 0.501389 0.451042 0.503704 0.454427 0.50463 0.458333 0.513426 0.461745 0.520278 0.461458 0.515278 0.461979 0.510648 0.463021 0.508796 0.467448 0.506019 0.468229 0.503241 0.464062 0.500926 0.463021 0.499074 0.460938 0.497685 0.459115 0.494444 0.455208 0.471759 0.451302 0.461111 0.446615 0.452315 0.44349 0.449074 0.438802 0.447685 0.435677 0.449074
0 0.721094 0.266667 0.716927 0.250926 0.714323 0.24537 0.710156 0.239352 0.703906 0.235185 0.692969 0.233796 0.685417 0.235185 0.67526 0.239352 0.666406 0.246296 0.661458 0.252315 0.658333 0.254167 0.654167 0.252315 0.650781 0.249537 0.645573 0.249537 0.638594 0.251481 0.64375 0.253704 0.646094 0.255093 0.648177 0.259722 0.648177 0.262037 0.647135 0.26713 0.641927 0.274537 0.642448 0.275463 0.646875 0.275926 0.652083 0.274537 0.658333 0.27037 0.661198 0.272685 0.667969 0.281481 0.673698 0.285648 0.681771 0.287963 0.697656 0.287963 0.705469 0.285185 0.716146 0.275 0.719271 0.273148 0.720573 0.270833
0 0.373177 0.619907 0.371354 0.618056 0.367708 0.618056 0.360156 0.620833 0.35599 0.62963 0.354427 0.635185 0.352083 0.648611 0.35026 0.652778 0.349193 0.655463 0.349583 0.658611 0.351484 0.658657 0.353385 0.657407 0.356771 0.661111 0.361979 0.662037 0.367969 0.659259 0.372917 0.655093 0.373958 0.651389 0.374479 0.643981 0.373177 0.628241
