0 0.44401 0.447685 0.44349 0.446296 0.438828 0.445602 0.439193 0.438565 0.43375 0.443565 0.434974 0.436296 0.43151 0.437963 0.428385 0.440741 0.417187 0.440741 0.410677 0.447685 0.404167 0.45787 0.403385 0.461111 0.403646 0.465278 0.405208 0.468981 0.408073 0.471296 0.414323 0.471759 0.422396 0.468981 0.432135 0.465185 0.435547 0.464769 0.436198 0.456481 0.437786 0.454213 0.440885 0.450926 0.442839 0.449259
0 0.265365 0.357407 0.266146 0.361111 0.268229 0.364815 0.270573 0.366667 0.282552 0.37037 0.291667 0.371389 0.292161 0.369583 0.299036 0.371759 0.303438 0.373287 0.299349 0.366157 0.303958 0.362222 0.295312 0.35588 0.285938 0.350463 0.279948 0.347685 0.275781 0.347685 0.270573 0.349537 0.267708 0.352778
0 0.322396 0.458796 0.322135 0.462037 0.323177 0.464815 0.325521 0.468519 0.329948 0.472685 0.336458 0.474074 0.342969 0.474074 0.346094 0.472685 0.348177 0.474074 0.349453 0.474074 0.352083 0.475463 0.35 0.468009 0.354401 0.465602 0.34724 0.461296 0.346745 0.456343 0.342708 0.45463 0.33724 0.450463 0.334896 0.449537 0.329688 0.450463 0.323698 0.45463
0 0.000677083 0.340648 0.000338542 0.361343 0.00182292 0.363426 0.00703125 0.366204 0.0210938 0.378241 0.0307292 0.382407 0.0354167 0.388889 0.0361979 0.392593 0.0390625 0.393519 0.0408854 0.396759 0.0427083 0.397222 0.0450521 0.400463 0.0455729 0.393519 0.0450521 0.385648 0.0429688 0.383333 0.0388021 0.375926 0.0346354 0.364815 0.0322917 0.362037 0.0304687 0.357407 0.0223958 0.343519 0.0179687 0.340278 0.00833333 0.340278
0 0.124688 0.432593 0.126458 0.42412 0.115104 0.423148 0.110937 0.426852 0.0994792 0.42963 0.0921875 0.433333 0.0888021 0.437037 0.0867187 0.440741 0.0848958 0.448148 0.0885417 0.451389 0.0958333 0.451389 0.103646 0.448148 0.107031 0.44537 0.111458 0.439815 0.119531 0.434259
0 0.490104 0.847222 0.48776 0.846296 0.485417 0.846759 0.479687 0.857407 0.478125 0.863426 0.477344 0.873148 0.477865 0.885185 0.479427 0.893981 0.482292 0.898611 0.484375 0.897685 0.4875 0.893981 0.49401 0.888889 0.496094 0.884722 0.499219 0.871759 0.498437 0.867593 0.494271 0.85463
0 0.0867187 0.391204 0.0877604 0.399074 0.0916667 0.405093 0.0953125 0.40787 0.104609 0.412685 0.109089 0.41037 0.110365 0.403796 0.109375 0.398148 0.10849 0.393843 0.101562 0.387037 0.0916667 0.383796 0.0882813 0.3875
0 0.346094 0.628241 0.347396 0.634722 0.35026 0.638889 0.354167 0.64213 0.357292 0.647222 0.361198 0.649074 0.366406 0.648611 0.370052 0.649537 0.373568 0.651157 0.375521 0.647685 0.382292 0.651852 0.385104 0.653194 0.38888 0.652639 0.386198 0.647222 0.38724 0.64537 0.394036 0.640833 0.392917 0.638843 0.3875 0.6375 0.385937 0.635185 0.382552 0.635185 0.379948 0.633333 0.378646 0.631019 0.382135 0.63 0.373698 0.625926 0.365365 0.617593 0.361719 0.616667 0.353125 0.617593 0.348177 0.622685
0 0.212422 0.501481 0.211198 0.511852 0.216667 0.515278 0.227344 0.511111 0.232292 0.50787 0.235417 0.508796 0.240104 0.508333 0.241302 0.50838 0.239479 0.505231 0.242083 0.502407 0.240026 0.501713 0.236458 0.500463 0.231771 0.499074 0.228906 0.496759 0.220312 0.496296
0 0.410938 0.500463 0.409115 0.498611 0.404167 0.500463 0.398958 0.510185 0.399219 0.517593 0.404167 0.519444 0.406771 0.518056 0.410156 0.510648 0.411458 0.504167
0 0 0.949537 0 0.980556 0.0119792 0.984722 0.0140625 0.984722 0.0161458 0.98287 0.0169271 0.976852 0.0161458 0.968519 0.0125 0.955556 0.0101563 0.952315 0.00651042 0.95
