0 0.50599 0.502778 0.508073 0.509259 0.515365 0.519907 0.520312 0.529167 0.522396 0.531481 0.528646 0.535185 0.533073 0.534259 0.533854 0.531481 0.536719 0.527778 0.544271 0.53287 0.552604 0.531481 0.555234 0.526713 0.553646 0.521296 0.552005 0.517454 0.549219 0.514815 0.547135 0.510185 0.541927 0.505556 0.53724 0.503241 0.528385 0.502778 0.521094 0.50463 0.510417 0.498611 0.507292 0.499537
0 0.201302 0.690278 0.19974 0.684259 0.196354 0.681019 0.191667 0.67963 0.177344 0.680556 0.164896 0.683519 0.16901 0.685648 0.166667 0.688426 0.164062 0.688426 0.155495 0.686204 0.161458 0.69213 0.163802 0.698611 0.16224 0.700463 0.158333 0.701389 0.150651 0.706528 0.169792 0.70463 0.167057 0.709861 0.173698 0.708796 0.192708 0.70787 0.196094 0.706019 0.197917 0.703704 0.20026 0.698148
0 0.121875 0.885185 0.120052 0.881944 0.116406 0.87963 0.110937 0.878241 0.10651 0.880093 0.102865 0.884259 0.0992187 0.894444 0.090625 0.900556 0.0925781 0.908565 0.0976562 0.906481 0.0997396 0.908333 0.103646 0.909259 0.110937 0.900463 0.116927 0.89537 0.120573 0.889815
0 0.717187 0.54537 0.722917 0.549537 0.728385 0.559259 0.732292 0.562963 0.74401 0.569907 0.751563 0.572222 0.759115 0.572222 0.766146 0.569444 0.767969 0.566667 0.766406 0.558796 0.76276 0.551852 0.757552 0.54537 0.752344 0.541204 0.744271 0.538426 0.7375 0.5375 0.728385 0.537963 0.72474 0.540741 0.722396 0.537963 0.717708 0.537963
0 0.197656 0.641389 0.191432 0.641389 0.185677 0.64537 0.184115 0.649074 0.184115 0.656019 0.184635 0.657407 0.188516 0.661111 0.192891 0.661065 0.195651 0.660602 0.198646 0.658889 0.20224 0.653287 0.201458 0.645833
0 0.626563 0.901389 0.625 0.902778 0.622396 0.90787 0.619271 0.919444 0.61901 0.928704 0.620052 0.934722 0.621354 0.9375 0.623958 0.939352 0.630469 0.941667 0.634896 0.941667 0.638021 0.9375 0.641615 0.935741 0.641927 0.928241 0.641667 0.918519 0.639531 0.905694 0.634896 0.90787 0.630469 0.902315
0 0.104427 0.315278 0.104688 0.323148 0.1125 0.337037 0.116146 0.339352 0.12474 0.341667 0.13099 0.341204 0.133073 0.3375 0.132812 0.32963 0.13151 0.321759 0.128906 0.31713 0.123958 0.3125 0.120052 0.310185 0.113281 0.309722 0.107031 0.311111
0 0.501563 0.85787 0.499479 0.859259 0.498437 0.862963 0.497917 0.880093 0.500521 0.889352 0.501823 0.900463 0.504167 0.899537 0.50599 0.894907 0.507552 0.875463 0.505729 0.861574 0.504687 0.859722
0 0.235156 0.815741 0.232552 0.805556 0.228906 0.802778 0.224479 0.801389 0.220052 0.804167 0.215104 0.8125 0.210677 0.815741 0.206771 0.82037 0.201563 0.822685 0.201563 0.824074 0.202865 0.827315 0.204687 0.828241 0.210156 0.827778 0.219792 0.830093 0.224219 0.82963 0.233854 0.823148 0.234896 0.819444
0 0.579688 0.662037 0.579167 0.663889 0.58151 0.669444 0.582031 0.675926 0.579688 0.683796 0.579948 0.691667 0.584115 0.692593 0.5875 0.686574 0.589323 0.678704 0.588802 0.671296 0.588021 0.668056 0.586458 0.666204 0.583854 0.664815 0.582812 0.662963
0 0.53724 0.525926 0.535677 0.527315 0.533073 0.532407 0.53125 0.53287 0.53099 0.538426 0.533073 0.544907 0.536458 0.547685 0.5375 0.547685 0.541146 0.543981 0.542708 0.538426 0.542969 0.531019
0 0.355469 0.298148 0.353646 0.296296 0.351562 0.297222 0.347917 0.301852 0.345833 0.306481 0.340885 0.324537 0.33776 0.331944 0.336979 0.336574 0.33776 0.338889 0.342448 0.335185 0.353125 0.317593 0.35651 0.307407 0.356771 0.301389
0 0.559896 0.447685 0.56099 0.450463 0.56224 0.451389 0.565104 0.455093 0.566927 0.457407 0.566979 0.464861 0.570052 0.468981 0.57474 0.471759 0.584896 0.48287 0.586979 0.483796 0.592708 0.483796 0.594792 0.482407 0.595052 0.475463 0.591927 0.466667 0.590365 0.459722 0.588021 0.45463 0.583854 0.451389 0.578385 0.449537 0.576302 0.446759 0.572396 0.443981 0.569531 0.443981 0.567708 0.440741 0.565365 0.436435 0.565286 0.441713 0.565625 0.444907 0.566667 0.447685 0.564323 0.450463 0.563021 0.45 0.561823 0.44838
