0 0.861198 0.551852 0.860286 0.556065 0.863542 0.559722 0.868229 0.566204 0.877604 0.568981 0.883333 0.568981 0.890104 0.566204 0.89724 0.56662 0.896094 0.5625 0.896354 0.55787 0.900911 0.554676 0.900521 0.551852 0.896875 0.551389 0.892188 0.551852 0.884896 0.544907 0.877344 0.540741 0.86875 0.541667 0.864844 0.544907
0 0.330625 0.55088 0.330937 0.556991 0.333854 0.56713 0.336458 0.570833 0.340104 0.574537 0.341667 0.577315 0.349323 0.587917 0.353646 0.580556 0.353646 0.578704 0.351823 0.572685 0.34974 0.569907 0.346354 0.560185 0.342187 0.552778 0.334583 0.548935
0 0.965625 0.551852 0.962552 0.556435 0.970573 0.562963 0.97526 0.562963 0.976823 0.561574 0.977865 0.558796 0.978385 0.551852 0.977604 0.549074 0.975417 0.546759 0.969792 0.546296 0.967708 0.548148
0 0.611719 0.476389 0.607031 0.475463 0.605469 0.477315 0.597135 0.479167 0.59375 0.481944 0.5875 0.490741 0.584896 0.495833 0.583594 0.501389 0.582552 0.508796 0.582812 0.517593 0.583854 0.519444 0.589323 0.519444 0.592708 0.518056 0.604688 0.503704 0.608333 0.494907 0.611458 0.493981 0.615104 0.489815 0.614323 0.483333
0 0.0661458 0.669907 0.0666667 0.676389 0.0716146 0.689352 0.0768229 0.698611 0.0888021 0.712037 0.0981771 0.71713 0.101042 0.722685 0.103385 0.725 0.10625 0.721296 0.109635 0.718981 0.108073 0.711574 0.104688 0.710648 0.102083 0.706944 0.0984375 0.697685 0.0976562 0.690278 0.0953125 0.681019 0.0890625 0.669907 0.0817708 0.666204 0.0739583 0.664815 0.0684896 0.665741
0 0.396615 0.778704 0.39401 0.775463 0.389583 0.773148 0.383854 0.773148 0.382031 0.774074 0.377344 0.77963 0.368437 0.79088 0.361198 0.801389 0.359974 0.803657 0.362057 0.814491 0.365104 0.813426 0.369271 0.8125 0.372656 0.809259 0.377083 0.809259 0.379688 0.805556 0.388021 0.797685 0.395052 0.788426 0.396875 0.78287
0 0.296094 0.383333 0.296094 0.386111 0.298438 0.391667 0.302865 0.396296 0.308073 0.399537 0.324479 0.40463 0.326042 0.406019 0.33125 0.406898 0.334115 0.406481 0.343828 0.408565 0.342969 0.404167 0.344531 0.401389 0.345833 0.400926 0.346094 0.399537 0.345833 0.398611 0.341927 0.396759 0.33776 0.395833 0.334948 0.389491 0.329688 0.385185 0.327344 0.384259 0.321615 0.378241 0.314583 0.373148 0.310156 0.372685 0.301823 0.376389 0.297135 0.37963
0 0.902995 0.496898 0.907292 0.502778 0.9125 0.50787 0.915885 0.509722 0.922656 0.511111 0.928646 0.510648 0.933854 0.508333 0.9375 0.503241 0.939323 0.496759 0.939323 0.488889 0.9375 0.482407 0.933594 0.475463 0.926042 0.473148 0.919271 0.473611 0.915625 0.475463 0.914062 0.477315 0.907552 0.490278
0 0.00338542 0.841667 0.003125 0.845833 0.00390625 0.850463 0.00963542 0.865278 0.0111979 0.867593 0.0164063 0.871759 0.0210938 0.877778 0.0291667 0.885185 0.0330729 0.8875 0.0367188 0.885648 0.0372396 0.878241 0.0356771 0.874074 0.0354167 0.871296 0.0296875 0.8625 0.0263021 0.849537 0.0231771 0.843519 0.0190104 0.840278 0.0106771 0.837963 0.00546875 0.838889
0 0 0.695833 0 0.768519 0.00755208 0.769907 0.0171875 0.774074 0.0330729 0.789352 0.0375 0.795833 0.0411458 0.796759 0.0427083 0.79537 0.0460938 0.786111 0.053125 0.775 0.0528646 0.772685 0.0505208 0.768519 0.0367188 0.753704 0.0328125 0.751389 0.0315104 0.749074 0.0289063 0.739352 0.0255208 0.730556 0.0208333 0.722685 0.0158854 0.711574 0.00598958 0.699537 0.00208333 0.695833
0 0.0598958 0.858796 0.0570312 0.860648 0.0554687 0.864352 0.0546875 0.875463 0.0554687 0.885185 0.0578125 0.897685 0.0604167 0.907778 0.0655729 0.907407 0.065625 0.899074 0.0671875 0.887963 0.0674479 0.878241 0.0664062 0.86713 0.0645833 0.860648
0 0.475521 0.812037 0.474219 0.811574 0.471875 0.813426 0.467708 0.820833 0.464792 0.822037 0.459635 0.827778 0.458073 0.82963 0.460677 0.834722 0.460833 0.840278 0.463021 0.840741 0.465365 0.837963 0.471354 0.837037 0.47474 0.832407 0.477344 0.820833 0.477344 0.815741
0 0.0153646 0.135602 0.0140885 0.143519 0.0153646 0.149074 0.0174479 0.15463 0.0210938 0.159259 0.025 0.161574 0.0294271 0.162037 0.0322917 0.160648 0.0382813 0.157269 0.0377604 0.142593 0.0361979 0.135185 0.0304687 0.131944 0.0236979 0.131944
