0 0.516927 0.653241 0.516146 0.656944 0.517448 0.6625 0.521354 0.666667 0.525521 0.667593 0.528125 0.663426 0.527604 0.656019 0.525521 0.653241 0.521615 0.650926 0.517969 0.651852
0 0.460052 0.755787 0.460781 0.764398 0.466927 0.76713 0.471354 0.767593 0.473698 0.766667 0.476042 0.7625 0.476302 0.759259 0.475 0.753704 0.472656 0.750926 0.466667 0.749537
0 0.938021 0.531019 0.935677 0.523611 0.931771 0.520833 0.923438 0.521296 0.916146 0.525 0.90974 0.524259 0.91013 0.52963 0.910443 0.533426 0.91026 0.539398 0.9125 0.538426 0.923177 0.543056 0.930208 0.543519 0.932813 0.542593 0.935937 0.539352 0.9375 0.535185
0 0.279427 0.394907 0.277604 0.398611 0.277865 0.406481 0.280208 0.409259 0.28888 0.411389 0.291563 0.405648 0.286458 0.398148 0.283594 0.394444
0 0.235156 0.603241 0.234896 0.598611 0.233333 0.594444 0.228646 0.587963 0.224792 0.588426 0.221068 0.586435 0.217005 0.58662 0.215729 0.591065 0.2125 0.593519 0.2125 0.600926 0.216667 0.60787 0.220573 0.60787 0.224219 0.610185 0.229167 0.610185 0.234115 0.60787
0 0.581589 0.815093 0.580208 0.815741 0.580469 0.823148 0.582031 0.826852 0.583854 0.828704 0.591927 0.828704 0.59375 0.823148 0.593229 0.816204 0.589063 0.811574 0.584557 0.812685
0 0.516719 0.724074 0.511094 0.718935 0.50724 0.723704 0.509635 0.733333 0.511458 0.737037 0.514062 0.738426 0.515729 0.738981 0.517969 0.737361 0.517943 0.732037 0.517865 0.726481
0 0.786198 0.565741 0.786719 0.572222 0.789583 0.578704 0.793229 0.581944 0.798698 0.584722 0.804688 0.585185 0.807031 0.584259 0.809115 0.581019 0.810417 0.576389 0.811979 0.573611 0.810677 0.565741 0.808594 0.562037 0.802604 0.55787 0.798177 0.557407 0.792448 0.558796 0.788542 0.562037
0 0.18776 0.406019 0.189844 0.413426 0.193229 0.41713 0.196615 0.418981 0.201302 0.419444 0.202604 0.417593 0.203646 0.413426 0.201563 0.408333 0.195573 0.403704 0.19349 0.402778 0.190104 0.403241
0 0.428385 0.567593 0.427865 0.573148 0.428906 0.577315 0.430469 0.580093 0.432031 0.581481 0.435677 0.581944 0.43776 0.57963 0.438802 0.572685 0.436719 0.567593 0.431771 0.564815 0.429427 0.565741
