0 0.190104 0.781019 0.198437 0.78287 0.206771 0.788889 0.210417 0.792593 0.216667 0.801852 0.227344 0.798148 0.228594 0.805694 0.232552 0.79537 0.233854 0.788889 0.235339 0.78338 0.230208 0.783796 0.229687 0.781019 0.226823 0.780093 0.22474 0.777778 0.217448 0.773611 0.205729 0.774074 0.197135 0.780093
0 0.186458 0.525093 0.183854 0.519907 0.18125 0.516667 0.177865 0.515278 0.173437 0.516667 0.168229 0.524074 0.164531 0.530046 0.165885 0.535185 0.166927 0.5375 0.169271 0.538889 0.173958 0.537037 0.182031 0.536111 0.186615 0.535139
0 0.130729 0.3875 0.130208 0.391667 0.130729 0.396296 0.134635 0.406019 0.138542 0.411574 0.144271 0.416667 0.15 0.423611 0.159896 0.432407 0.164062 0.437176 0.164505 0.43213 0.168021 0.434306 0.174219 0.441157 0.170833 0.428241 0.169792 0.427315 0.170052 0.426389 0.173698 0.427778 0.178385 0.427315 0.177865 0.425 0.176302 0.424074 0.170521 0.418519 0.17375 0.414537 0.16875 0.409259 0.160156 0.393519 0.153646 0.384722 0.150521 0.38287 0.141927 0.382407 0.133073 0.384722
0 0.263542 0.716667 0.259635 0.718519 0.258333 0.724537 0.258333 0.727315 0.259635 0.7375 0.263646 0.74338 0.269271 0.736296 0.265495 0.726065
0 0.548177 0.565278 0.548698 0.56713 0.55625 0.568056 0.558854 0.573148 0.567187 0.578241 0.572656 0.583796 0.577083 0.584722 0.580208 0.582407 0.580729 0.580093 0.580208 0.573611 0.577865 0.566204 0.575781 0.5625 0.571875 0.558796 0.559115 0.554537 0.559635 0.557407 0.551589 0.549676 0.548255 0.548565 0.553385 0.562037 0.548698 0.563889
0 0.396615 0.469907 0.392448 0.47037 0.391146 0.475 0.390885 0.484259 0.392448 0.497222 0.39401 0.496296 0.395573 0.493519 0.397396 0.485648 0.397656 0.474537
0 0.895521 0.85912 0.889714 0.867176 0.891198 0.885417 0.902083 0.893519 0.911458 0.905556 0.916406 0.910185 0.927344 0.915741 0.929167 0.914815 0.935911 0.910509 0.934635 0.89963 0.932552 0.89213 0.928646 0.884722 0.928125 0.87963 0.925781 0.872222 0.920312 0.865741 0.916406 0.863426 0.911198 0.862963 0.904167 0.864352
0 0.217083 0.444444 0.21276 0.448148 0.206172 0.4525 0.203047 0.460093 0.209115 0.464815 0.212786 0.467222 0.213542 0.466204 0.217188 0.461111 0.218437 0.457083
0 0.52526 0.711574 0.525781 0.720833 0.527083 0.724537 0.53099 0.730093 0.544531 0.74213 0.548516 0.745185 0.55625 0.749074 0.555573 0.744306 0.55651 0.742176 0.560208 0.74338 0.553333 0.730694 0.555365 0.727778 0.552865 0.725 0.542969 0.70787 0.540885 0.706019 0.534375 0.705556 0.527604 0.708333
0 0.386719 0.20463 0.386979 0.212037 0.390625 0.222685 0.401302 0.237963 0.404167 0.243981 0.408073 0.249074 0.41276 0.249537 0.415625 0.255556 0.417396 0.25875 0.421016 0.264306 0.418229 0.251852 0.419271 0.25 0.425104 0.254491 0.421354 0.246296 0.417969 0.24213 0.415625 0.231944 0.411198 0.222222 0.407552 0.211574 0.405208 0.20787 0.401042 0.20463 0.392708 0.201389 0.388542 0.201852
0 0.145833 0.475463 0.143281 0.484491 0.14651 0.487731 0.152083 0.490463 0.162917 0.490185 0.167448 0.485185 0.175052 0.489769 0.176042 0.48287 0.175937 0.478843 0.169167 0.474444 0.164844 0.474537 0.161458 0.470833 0.158073 0.469444 0.152604 0.469444 0.149219 0.471296
0 0.50651 0.180093 0.505729 0.18287 0.50599 0.190741 0.507552 0.196759 0.509896 0.2 0.516927 0.203704 0.519271 0.203704 0.521615 0.202315 0.526042 0.202778 0.52862 0.204954 0.528125 0.190741 0.526823 0.184722 0.525521 0.181019 0.520312 0.173148 0.517708 0.171296 0.514323 0.172685 0.508333 0.176852
