0 0.307812 0.475926 0.302865 0.474537 0.298698 0.475926 0.297135 0.478704 0.29401 0.481019 0.290885 0.485648 0.288802 0.489815 0.2875 0.496759 0.291406 0.502315 0.295312 0.502315 0.301302 0.496759 0.304427 0.488889 0.307292 0.483796 0.308594 0.48287
0 0.338542 0.461574 0.338021 0.468981 0.339583 0.475926 0.341927 0.481019 0.349479 0.485648 0.357552 0.486574 0.358854 0.481944 0.358854 0.475463 0.35651 0.468056 0.353125 0.461574 0.34974 0.457407 0.346354 0.456019 0.341927 0.45787
0 0.514062 0.849537 0.509896 0.852315 0.507812 0.856481 0.50625 0.857407 0.50651 0.864352 0.503906 0.872685 0.503385 0.876389 0.503906 0.883796 0.505729 0.886111 0.495625 0.892639 0.50388 0.905463 0.514557 0.901111 0.517969 0.919907 0.515885 0.924537 0.513542 0.926389 0.510156 0.927315 0.50651 0.931481 0.505469 0.933796 0.50651 0.940741 0.508854 0.942593 0.509896 0.94537 0.51224 0.948148 0.511458 0.955093 0.513542 0.961574 0.513542 0.973611 0.517708 0.97037 0.518229 0.966204 0.529948 0.925 0.53125 0.91713 0.532031 0.906944 0.530469 0.885185 0.538021 0.879167 0.541146 0.875 0.542448 0.871759 0.541146 0.868519 0.528125 0.870833 0.526302 0.868519 0.525521 0.863889 0.521875 0.856019 0.517969 0.850926
0 0.215625 0.649074 0.216146 0.652778 0.217708 0.656481 0.222917 0.659259 0.240625 0.658333 0.25026 0.656019 0.255469 0.653704 0.258854 0.654167 0.259896 0.656481 0.260156 0.651852 0.259896 0.647685 0.256771 0.643519 0.247917 0.64213 0.236458 0.634722 0.227865 0.635185 0.221354 0.638426 0.217448 0.643981
0 0.0901042 0.476389 0.0924479 0.48287 0.101302 0.486574 0.108333 0.487037 0.119271 0.485648 0.125 0.483333 0.129167 0.48287 0.135677 0.483333 0.141927 0.486111 0.151823 0.48912 0.146094 0.478241 0.146875 0.476852 0.151302 0.475926 0.154427 0.47037 0.154427 0.468519 0.136458 0.468056 0.135156 0.468519 0.134635 0.469907 0.13099 0.47037 0.130469 0.468981 0.132812 0.467593 0.133854 0.464815 0.133854 0.461574 0.132292 0.460185 0.127344 0.459259 0.117188 0.454167 0.109896 0.453241 0.104688 0.455093 0.0927083 0.465278 0.0901042 0.468519
0 0.189323 0.1875 0.188802 0.191204 0.191406 0.198148 0.196875 0.205093 0.201563 0.208333 0.216406 0.215278 0.220833 0.216204 0.225521 0.214815 0.229687 0.21713 0.230208 0.218981 0.234896 0.219907 0.236198 0.222222 0.23776 0.221759 0.238542 0.218519 0.233854 0.215278 0.232292 0.211574 0.234115 0.208796 0.240625 0.206944 0.242188 0.205093 0.230469 0.201852 0.226042 0.193056 0.223698 0.190741 0.221615 0.190278 0.216146 0.183796 0.209115 0.178241 0.204427 0.178241 0.201042 0.17963 0.197135 0.182407 0.192188 0.183796
0 0.263542 0.622222 0.26276 0.628704 0.266406 0.640278 0.267708 0.642593 0.273438 0.647685 0.278906 0.656019 0.282552 0.65787 0.286458 0.658333 0.291146 0.65787 0.29349 0.656481 0.291406 0.652778 0.290885 0.649074 0.283333 0.625463 0.279427 0.618519 0.276042 0.616204 0.272396 0.616204 0.26901 0.619444
0 0.215885 0.815278 0.213281 0.810648 0.205469 0.806481 0.197917 0.807407 0.189323 0.806481 0.177083 0.810648 0.161719 0.818519 0.154427 0.825 0.145833 0.831019 0.128646 0.848148 0.120313 0.859259 0.110417 0.87037 0.101042 0.883333 0.0921875 0.888889 0.0864583 0.893981 0.0768229 0.899074 0.0755208 0.901389 0.0747396 0.905093 0.075 0.913889 0.0760417 0.916667 0.0809896 0.91713 0.0934896 0.913426 0.103646 0.908333 0.111458 0.906019 0.122135 0.906019 0.1375 0.903704 0.139323 0.902778 0.142708 0.897685 0.146875 0.893981 0.150781 0.893981 0.154948 0.892593 0.15651 0.888889 0.158333 0.8875 0.161198 0.882407 0.165104 0.878704 0.169531 0.871296 0.170052 0.868519 0.170833 0.871759 0.182031 0.872222 0.188542 0.863426 0.19401 0.858333 0.204427 0.842593 0.214583 0.820833
0 0.138802 0.904167 0.135937 0.906019 0.134375 0.909722 0.130729 0.912037 0.127344 0.916667 0.125781 0.92037 0.125 0.925463 0.125 0.928241 0.126823 0.93287 0.13125 0.935648 0.132552 0.944444 0.132292 0.95463 0.13125 0.960648 0.13099 0.966667 0.130469 0.967593 0.127083 0.968981 0.12474 0.965278 0.123177 0.959722 0.121875 0.961574 0.122917 0.973611 0.123958 0.975 0.126562 0.986574 0.127604 1 0.136979 1 0.136979 0.996759 0.1375 0.995833 0.141927 0.993056 0.148698 0.986574 0.152865 0.978704 0.154167 0.972222 0.154948 0.955093 0.154688 0.947685 0.153646 0.943519 0.152604 0.933796 0.150781 0.928241 0.146615 0.920833 0.142708 0.919444 0.140885 0.91713 0.139844 0.913889 0.139583 0.906019
0 0.223516 0.124861 0.227474 0.135324 0.225781 0.135648 0.22112 0.135509 0.22474 0.140185 0.227083 0.143056 0.230469 0.146296 0.232031 0.149537 0.235417 0.151852 0.238021 0.156019 0.235391 0.162454 0.245312 0.17037 0.252865 0.175463 0.261979 0.184259 0.267448 0.186574 0.271875 0.186574 0.276042 0.184259 0.276302 0.176852 0.275521 0.173148 0.269792 0.160648 0.267448 0.153241 0.265104 0.149074 0.255208 0.14213 0.246615 0.140741 0.244271 0.137963 0.240365 0.14537 0.238021 0.141667 0.235417 0.139352 0.232552 0.133796 0.229687 0.13287 0.228906 0.130556 0.22862 0.129259 0.226823 0.128241
