0 0.0753385 0.475231 0.078125 0.478935 0.0807031 0.480231 0.0880208 0.481944 0.0885417 0.48287 0.101823 0.487037 0.105729 0.486111 0.110599 0.482546 0.108594 0.475 0.105469 0.470833 0.102344 0.468981 0.0940104 0.468981 0.086875 0.470185 0.0850781 0.472083 0.08125 0.47037 0.0801823 0.470417 0.0786719 0.470556 0.0764062 0.47088 0.0781771 0.47375
0 0.439063 0.481019 0.438542 0.483796 0.439323 0.488426 0.440104 0.489815 0.440625 0.502778 0.443229 0.52037 0.444792 0.521759 0.447396 0.522222 0.449219 0.517593 0.449219 0.498148 0.447396 0.483796 0.44349 0.480093
0 0.417708 0.655093 0.417187 0.663426 0.419792 0.670833 0.427865 0.680093 0.435937 0.684259 0.436979 0.682407 0.438281 0.676389 0.433854 0.668056 0.432031 0.662037 0.428385 0.655556 0.424479 0.651852 0.419531 0.652778
0 0.83125 0.495833 0.83125 0.498148 0.832812 0.502315 0.838021 0.507407 0.846354 0.508796 0.852083 0.506019 0.85599 0.502315 0.861719 0.501389 0.86276 0.498611 0.863802 0.489352 0.861198 0.488889 0.857031 0.490278 0.848958 0.48287 0.840885 0.481944 0.838021 0.483333 0.835417 0.486111 0.833333 0.489815
0 0.85625 0.51713 0.854948 0.513889 0.853646 0.512963 0.842708 0.515741 0.83776 0.518981 0.835156 0.524074 0.835156 0.526389 0.836719 0.530093 0.842448 0.530093 0.845573 0.528241 0.851562 0.520833
0 0.58776 0.493056 0.586198 0.496296 0.586458 0.503241 0.58776 0.510648 0.589583 0.514352 0.591667 0.525 0.595833 0.525926 0.5975 0.52287 0.597917 0.517593 0.597656 0.510185 0.59401 0.503704 0.592708 0.496296 0.591667 0.494444
0 0.400521 0.625 0.398698 0.625 0.396354 0.626852 0.395833 0.64213 0.391927 0.655556 0.391146 0.661574 0.391146 0.675463 0.392188 0.678241 0.39401 0.677315 0.395833 0.664352 0.398698 0.656481 0.400521 0.645833 0.400521 0.643056 0.401823 0.636574 0.401823 0.627778
0 0.270833 0.372222 0.270313 0.369907 0.267969 0.366204 0.259896 0.359722 0.257031 0.359259 0.248958 0.361111 0.244271 0.363889 0.239063 0.364352 0.230729 0.369907 0.226042 0.369907 0.222396 0.371296 0.22237 0.382546 0.233333 0.381481 0.234635 0.382407 0.236198 0.385648 0.24349 0.387037 0.258854 0.387037 0.263542 0.385648 0.267708 0.381481 0.269271 0.378241
0 0.0419271 0.45463 0.0369792 0.449537 0.0304687 0.451852 0.0294271 0.453241 0.0291667 0.455556 0.0320312 0.464815 0.0356771 0.465741 0.0466667 0.468935 0.0464844 0.460139
0 0.529974 0.744398 0.531641 0.756343 0.535417 0.758287 0.54401 0.762963 0.551042 0.770833 0.557813 0.775463 0.563802 0.781481 0.572917 0.785185 0.579948 0.784722 0.584635 0.781481 0.584375 0.773611 0.582292 0.767593 0.574479 0.756019 0.564323 0.748611 0.553646 0.747685 0.549479 0.745833 0.545573 0.746759 0.5375 0.74537
