0 0.249479 0.283333 0.248958 0.289352 0.250521 0.293519 0.255729 0.296759 0.257812 0.294907 0.258854 0.287963 0.255729 0.282407 0.251302 0.281019
0 0.237266 0.185972 0.235026 0.191111 0.23776 0.196759 0.239323 0.20463 0.24349 0.209259 0.245052 0.209259 0.247656 0.207407 0.248438 0.205556 0.247656 0.197222 0.245833 0.191667 0.24375 0.188426
0 0.291146 0.24537 0.290625 0.246296 0.291146 0.252778 0.29375 0.259259 0.298698 0.264815 0.302865 0.267593 0.305208 0.262037 0.305469 0.258796 0.301823 0.246759 0.299219 0.244444 0.295052 0.243519
0 0.19349 0.109722 0.192188 0.107407 0.189844 0.106481 0.184271 0.106296 0.181224 0.10412 0.180807 0.113102 0.183516 0.118241 0.18513 0.120278 0.187552 0.120787 0.190104 0.122222 0.19349 0.119444 0.19401 0.115741
0 0.557031 0.537963 0.55651 0.534722 0.554688 0.532407 0.545573 0.531019 0.540885 0.53287 0.536432 0.534769 0.533073 0.537963 0.533073 0.538889 0.534375 0.541667 0.538542 0.54537 0.545573 0.546296 0.552865 0.54213
0 0.845052 0.725463 0.842969 0.722222 0.841406 0.721296 0.838281 0.722685 0.829688 0.723611 0.825781 0.725926 0.814323 0.729167 0.806771 0.735648 0.802865 0.742593 0.800521 0.753241 0.800521 0.761111 0.803906 0.764815 0.811198 0.768056 0.817708 0.767593 0.827604 0.763426 0.828646 0.762037 0.829948 0.756019 0.83125 0.753704 0.833854 0.751852 0.838021 0.752315 0.841146 0.749537 0.842448 0.743519 0.84349 0.731481
0 0.819792 0.853241 0.819531 0.858333 0.824219 0.870833 0.828906 0.880093 0.836719 0.891667 0.840104 0.89213 0.845573 0.890741 0.849479 0.893981 0.854167 0.893519 0.858594 0.891204 0.863542 0.885648 0.873177 0.879259 0.864323 0.868056 0.864844 0.864352 0.858854 0.856481 0.846276 0.856296 0.83099 0.847315 0.824661 0.847454 0.821354 0.849537
0 0.411979 0.401389 0.410677 0.405556 0.410677 0.413889 0.411458 0.42037 0.413542 0.426852 0.415885 0.431481 0.420312 0.43287 0.422135 0.427315 0.422135 0.418981 0.421615 0.416204 0.419531 0.410185 0.416146 0.403704
0 0.16849 0.117083 0.165964 0.121574 0.168229 0.12963 0.169271 0.133796 0.172708 0.144815 0.182083 0.148981 0.182865 0.136759 0.180885 0.127083 0.173958 0.122685
0 0.578099 0.732963 0.579948 0.739815 0.583333 0.743981 0.589063 0.743981 0.591406 0.741667 0.591667 0.739352 0.590885 0.736574 0.588802 0.73287 0.584375 0.728241 0.580469 0.72963
