0 0.0885417 0.523611 0.0893229 0.52963 0.0942708 0.538889 0.103385 0.550926 0.111198 0.550926 0.11276 0.554167 0.113542 0.559259 0.114844 0.562037 0.116667 0.569444 0.119271 0.574074 0.120833 0.575463 0.126823 0.578241 0.139323 0.581944 0.147917 0.582407 0.15 0.584722 0.154167 0.593981 0.157812 0.594907 0.159115 0.593981 0.16276 0.5875 0.165104 0.580556 0.164844 0.578241 0.163021 0.574537 0.155729 0.564352 0.152865 0.551852 0.147396 0.5375 0.140885 0.527315 0.132812 0.518981 0.129427 0.517593 0.125781 0.513889 0.115365 0.510185 0.109115 0.510648 0.103125 0.512037 0.0942708 0.516204 0.0903646 0.519444
0 0.877344 0.560185 0.877344 0.55787 0.873698 0.544907 0.869271 0.537037 0.866927 0.534722 0.865104 0.531019 0.861198 0.527778 0.853646 0.525 0.841927 0.525926 0.829427 0.531019 0.823958 0.536111 0.820052 0.537963 0.817708 0.541204 0.814063 0.543981 0.791927 0.541806 0.784349 0.546019 0.792813 0.547269 0.794792 0.545833 0.802865 0.550463 0.805208 0.555093 0.791797 0.575417 0.808594 0.569907 0.811719 0.568056 0.814323 0.572685 0.818229 0.572685 0.819531 0.576389 0.821875 0.577315 0.826562 0.576389 0.829688 0.578241 0.841927 0.577778 0.845313 0.57963 0.845052 0.58287 0.84375 0.584722 0.841667 0.585185 0.841406 0.587037 0.845313 0.5875 0.849219 0.59213 0.853646 0.585185 0.85651 0.576852 0.875521 0.562963
0 0.353646 0.927315 0.345573 0.944907 0.339583 0.969444 0.339062 0.976852 0.339583 0.988889 0.341146 0.992593 0.345313 0.996759 0.345313 1 0.347396 1 0.347396 0.996759 0.34974 0.99537 0.35026 0.993056 0.35651 0.983796 0.357292 0.981481 0.357552 0.96713 0.358594 0.95787 0.358594 0.947222 0.355729 0.931944
0 0.186719 0.45463 0.185417 0.45787 0.185156 0.4625 0.1875 0.466667 0.189062 0.471296 0.190365 0.485185 0.192448 0.49213 0.197396 0.500926 0.201042 0.50463 0.204687 0.505556 0.209115 0.505556 0.210677 0.503704 0.211198 0.49537 0.211198 0.486574 0.210677 0.481944 0.208594 0.475926 0.204167 0.468519 0.198698 0.466204 0.192969 0.462037 0.190885 0.454167 0.189062 0.453241
0 0.332552 0.362037 0.329427 0.360648 0.324219 0.364352 0.320052 0.372685 0.319271 0.378704 0.320312 0.382407 0.321875 0.384722 0.326823 0.385648 0.330469 0.383333 0.333073 0.378704 0.333854 0.373148 0.333333 0.363889
0 0.493229 0.912963 0.490104 0.916667 0.486719 0.923148 0.483594 0.933796 0.482552 0.940741 0.48151 0.975926 0.482812 1 0.505729 1 0.505729 0.996759 0.509115 0.98287 0.510417 0.963889 0.510156 0.949074 0.508333 0.931481 0.507552 0.928241 0.500781 0.915741 0.497917 0.912963
0 0.617448 0.65463 0.617708 0.658796 0.61901 0.662037 0.622135 0.664815 0.630469 0.675926 0.63776 0.681944 0.646094 0.685648 0.654167 0.6875 0.663021 0.6875 0.665885 0.686574 0.673177 0.681019 0.685417 0.667593 0.697396 0.677315 0.705208 0.677315 0.69974 0.66713 0.698698 0.662963 0.697917 0.652778 0.698177 0.638889 0.699219 0.636574 0.701562 0.635185 0.696354 0.635185 0.694531 0.6375 0.685417 0.643519 0.684115 0.64213 0.68151 0.641667 0.673958 0.634259 0.66875 0.630556 0.667188 0.628241 0.651563 0.618519 0.643229 0.615278 0.634375 0.615741 0.630729 0.61713 0.626823 0.620833 0.622917 0.627778 0.620573 0.635185
0 0.801042 0.649074 0.801823 0.652315 0.802604 0.663426 0.801042 0.668519 0.796615 0.676852 0.797135 0.680556 0.799219 0.683333 0.807813 0.683333 0.809375 0.684259 0.809115 0.690278 0.80651 0.697222 0.807031 0.705093 0.810937 0.708796 0.822135 0.712037 0.833594 0.720833 0.83776 0.722222 0.844792 0.719907 0.852344 0.713426 0.855208 0.712037 0.857292 0.709259 0.857812 0.706481 0.857292 0.69213 0.85599 0.6875 0.852344 0.681019 0.848958 0.668519 0.847656 0.665741 0.833854 0.65463 0.823438 0.648611 0.817969 0.647222 0.815625 0.651389 0.813542 0.660648 0.810677 0.663889 0.807031 0.655093 0.804427 0.651852 0.802865 0.647222
0 0.151484 0.546944 0.156276 0.563796 0.164323 0.575463 0.165885 0.581481 0.169792 0.586111 0.178229 0.590926 0.181302 0.587222 0.177083 0.576157 0.174219 0.563889 0.170052 0.559259 0.156276 0.546389
0 0.615104 0.693519 0.614323 0.700926 0.614323 0.71713 0.615365 0.726389 0.618229 0.737963 0.61901 0.745833 0.620313 0.747222 0.623177 0.747685 0.62526 0.744907 0.626302 0.740741 0.627083 0.723148 0.621354 0.7 0.619271 0.69537
0 0.109375 0.557407 0.107031 0.555093 0.103125 0.554167 0.0955729 0.566667 0.0916667 0.577315 0.0838542 0.584259 0.0757812 0.586574 0.0677083 0.583796 0.0643229 0.584722 0.0596354 0.587963 0.0473958 0.600463 0.0408854 0.609722 0.0388021 0.613889 0.03125 0.622685 0.0252604 0.632407 0.0213542 0.63287 0.0174479 0.635185 0.0164063 0.637963 0.0111979 0.64213 0.00416667 0.650463 0.00182292 0.65463 0 0.65463 0 0.763426 0.00208333 0.763426 0.00572917 0.760648 0.00755208 0.756944 0.0130208 0.750463 0.0231771 0.734259 0.0260417 0.726389 0.03125 0.716204 0.0338542 0.708333 0.0367188 0.703241 0.0434896 0.695833 0.0505208 0.684259 0.0565104 0.666667 0.0684896 0.639352 0.0721354 0.638889 0.0763021 0.639815 0.0809896 0.635648 0.0841146 0.628704 0.0867187 0.614815 0.0867187 0.60787 0.0880208 0.606019 0.090625 0.599074 0.0966146 0.588889 0.0992187 0.587037 0.101562 0.582407 0.103906 0.580556 0.107552 0.573611 0.108333 0.564815 0.110156 0.559259
0 0 0.419907 0 0.430556 0.00208333 0.430556 0.00755208 0.4375 0.0177083 0.44537 0.034375 0.453241 0.0408854 0.453241 0.0429688 0.451852 0.0440104 0.449074 0.0432292 0.443056 0.0377604 0.433796 0.0338542 0.429167 0.0289063 0.425463 0.0177083 0.42037
0 0.82526 0.572685 0.81849 0.570833 0.81276 0.566204 0.809635 0.561574 0.808854 0.559259 0.808854 0.552315 0.813281 0.546296 0.813542 0.544907 0.807292 0.54213 0.802083 0.54213 0.798958 0.543519 0.790885 0.543519 0.789323 0.545833 0.788802 0.551852 0.786979 0.55463 0.782813 0.565741 0.78125 0.57963 0.78151 0.586111 0.783073 0.588426 0.786719 0.589352 0.794531 0.593981 0.804948 0.593981 0.818229 0.584259 0.819531 0.581944 0.822135 0.580093 0.822656 0.576389
0 0.1 0.405556 0.100521 0.408796 0.102344 0.411111 0.110937 0.413426 0.119271 0.413426 0.123177 0.412037 0.127083 0.409259 0.128385 0.406481 0.128125 0.402778 0.126823 0.399074 0.119271 0.393981 0.11276 0.393981 0.103385 0.397685 0.101302 0.4
0 0.252083 0.486574 0.24401 0.486574 0.2375 0.482407 0.232813 0.481481 0.226042 0.482407 0.220833 0.487963 0.21849 0.489352 0.213021 0.496296 0.211458 0.503704 0.216667 0.508333 0.220833 0.508333 0.230469 0.505093 0.23776 0.50463 0.240365 0.502778 0.24401 0.498148 0.252083 0.5
