0 0.135417 0.259861 0.138542 0.268056 0.139844 0.274537 0.146875 0.284722 0.154167 0.29213 0.157031 0.293519 0.158073 0.29537 0.16224 0.29537 0.165885 0.290741 0.166667 0.281019 0.165625 0.274537 0.164062 0.269444 0.155729 0.253241 0.150781 0.251389 0.146875 0.252315 0.142448 0.255556
0 0.0830729 0.371296 0.08125 0.378704 0.0833333 0.382407 0.0869792 0.393056 0.0973958 0.409722 0.104688 0.416204 0.107292 0.422222 0.108932 0.427731 0.110026 0.420417 0.116536 0.423426 0.109635 0.406019 0.100521 0.381481 0.0958333 0.374074 0.0919271 0.369907 0.0875 0.368981
0 0.346615 0.924537 0.345833 0.923148 0.34349 0.922222 0.3375 0.922685 0.326042 0.931019 0.320312 0.940741 0.319271 0.946296 0.319531 0.952315 0.321875 0.955093 0.326562 0.955093 0.331771 0.949074 0.334896 0.948148 0.336979 0.946296 0.345833 0.931019 0.347135 0.927315
0 0.0344792 0.149074 0.0365365 0.155926 0.0385417 0.159722 0.0481771 0.177315 0.0523438 0.18287 0.0606771 0.188426 0.0638021 0.186111 0.0666667 0.180556 0.0674479 0.176389 0.0648438 0.162963 0.0619792 0.156019 0.0567708 0.147222 0.0505208 0.14213 0.0471354 0.141667 0.0445313 0.14213 0.0429688 0.143519 0.040625 0.148611
0 0.273698 0.334259 0.269271 0.336574 0.265104 0.343519 0.265365 0.350926 0.266927 0.354167 0.267708 0.358333 0.273177 0.368519 0.275521 0.369907 0.282031 0.364352 0.282292 0.357407 0.278385 0.336574 0.275781 0.334259
0 0.140365 0.366111 0.1375 0.366204 0.136979 0.371759 0.137448 0.376389 0.140365 0.388426 0.144063 0.39537 0.149115 0.4 0.152292 0.397778 0.151042 0.39213 0.14974 0.3875 0.148698 0.379167 0.146875 0.372685 0.144271 0.368056
0 0.408594 0.611111 0.407292 0.615741 0.407292 0.622222 0.409115 0.627778 0.411979 0.63287 0.415885 0.636574 0.420312 0.636111 0.420833 0.635185 0.420833 0.627315 0.41849 0.618056 0.416146 0.612037 0.413021 0.609722
0 0.603646 0.712963 0.598958 0.713426 0.589323 0.71713 0.58151 0.718519 0.575781 0.721296 0.570052 0.728704 0.564844 0.738889 0.557813 0.758796 0.55651 0.765278 0.554688 0.783333 0.552344 0.791667 0.552604 0.801389 0.555208 0.816204 0.560156 0.83287 0.5625 0.8375 0.568229 0.844907 0.572135 0.847222 0.576562 0.847222 0.579427 0.84537 0.584375 0.844444 0.588021 0.840741 0.589063 0.837037 0.596094 0.825463 0.59974 0.823148 0.603906 0.823148 0.607812 0.819907 0.610677 0.809259 0.610938 0.801389 0.610156 0.794907 0.611198 0.791667 0.615104 0.79537 0.617188 0.79537 0.61875 0.793519 0.61901 0.787963 0.616406 0.781019 0.613021 0.775926 0.61224 0.772222 0.611198 0.760185 0.611719 0.746296 0.608594 0.733796 0.607812 0.721296 0.606771 0.718056
0 0.598177 0.52037 0.596875 0.521296 0.595833 0.523611 0.595573 0.534722 0.596875 0.543519 0.59974 0.546296 0.601562 0.539352 0.602865 0.524074 0.601302 0.520833
0 0.116927 0.303704 0.115625 0.306944 0.115625 0.316204 0.117969 0.321296 0.122917 0.326389 0.130573 0.33537 0.133958 0.330556 0.128646 0.315278 0.127344 0.308333 0.123698 0.303241 0.118229 0.302778
0 0.795052 0.357407 0.790365 0.358796 0.78776 0.364352 0.78724 0.369907 0.7875 0.378704 0.788802 0.383796 0.790625 0.386574 0.79375 0.385648 0.795052 0.383333 0.796094 0.372222 0.796094 0.3625
0 0.536979 0.243981 0.535677 0.246296 0.535156 0.252778 0.535677 0.260648 0.536979 0.267593 0.545052 0.286111 0.546094 0.28287 0.545833 0.264815 0.543229 0.245833 0.541406 0.243056
