0 0.146094 0.548102 0.142969 0.55463 0.143203 0.561944 0.146354 0.56713 0.14974 0.573148 0.15138 0.574954 0.156146 0.57625 0.158255 0.569954 0.157318 0.56287 0.153646 0.554167 0.149219 0.548657
0 0.354922 0.85213 0.356771 0.852315 0.363021 0.850926 0.364896 0.848657 0.369792 0.845833 0.376823 0.85 0.38099 0.85463 0.385156 0.855556 0.389844 0.851389 0.396875 0.849074 0.402083 0.844444 0.403906 0.840278 0.40625 0.82963 0.404427 0.822685 0.397135 0.814352 0.391667 0.812963 0.388802 0.813889 0.375573 0.82037 0.36987 0.823796 0.369063 0.824213 0.367604 0.825 0.365312 0.822407 0.363281 0.819907 0.3625 0.818519 0.361563 0.816944 0.359115 0.814815 0.357292 0.812963 0.355703 0.813472 0.355104 0.81787 0.354427 0.821528 0.353906 0.826157 0.35349 0.83213 0.353411 0.836481 0.35375 0.840602 0.353958 0.845324 0.353672 0.849259 0.353776 0.851944
0 0.0919531 0.704583 0.0929688 0.709259 0.09375 0.716204 0.101042 0.733796 0.106771 0.737037 0.111458 0.737037 0.11224 0.735648 0.113542 0.730093 0.113542 0.718519 0.110677 0.711574 0.107552 0.70787 0.103906 0.706481 0.0997396 0.706481 0.0975521 0.697407
0 0.447396 0.819907 0.443958 0.823704 0.442891 0.82963 0.44401 0.8375 0.445312 0.841204 0.451302 0.852778 0.455469 0.85787 0.458333 0.864815 0.458854 0.868056 0.463307 0.876528 0.466562 0.878148 0.466979 0.874676 0.469661 0.873796 0.474505 0.884259 0.477214 0.891157 0.477396 0.887407 0.476562 0.885185 0.475781 0.882593 0.47474 0.877778 0.472135 0.871759 0.474219 0.868981 0.475521 0.868981 0.477083 0.871759 0.487266 0.877546 0.484609 0.871713 0.480469 0.869444 0.478646 0.866667 0.474427 0.862269 0.477161 0.858704 0.475 0.854167 0.471354 0.847685 0.465104 0.830093 0.461198 0.822685 0.458854 0.82037 0.453646 0.818981
0 0.201563 0.676389 0.201823 0.684259 0.202865 0.6875 0.204167 0.688889 0.208333 0.691204 0.213802 0.691204 0.215833 0.691574 0.216667 0.687963 0.217188 0.683333 0.216406 0.676852 0.215365 0.674074 0.213542 0.672222 0.209115 0.670833 0.205729 0.671296 0.203125 0.673148
0 0.727943 0.558704 0.727214 0.568009 0.734557 0.571667 0.739062 0.575463 0.744271 0.578241 0.747917 0.581481 0.753906 0.581944 0.758594 0.580093 0.758333 0.572222 0.754948 0.563889 0.751563 0.558796 0.748177 0.556944 0.736693 0.555648
0 0.884375 0.40463 0.883594 0.399074 0.880208 0.393981 0.877083 0.390741 0.873958 0.389352 0.86875 0.390278 0.855964 0.394907 0.856797 0.398009 0.849479 0.396296 0.845443 0.39662 0.848021 0.402407 0.845234 0.410046 0.855729 0.410185 0.856224 0.413009 0.876563 0.414352 0.882812 0.410185 0.884115 0.407407
0 0.19849 0.503889 0.197656 0.510185 0.197917 0.518519 0.200781 0.531481 0.205469 0.5375 0.213203 0.543472 0.216667 0.545833 0.22151 0.551296 0.221354 0.543056 0.224714 0.543472 0.219323 0.529398 0.214583 0.516204 0.211719 0.50787 0.209115 0.504167 0.20599 0.503241 0.202604 0.503704
0 0.884635 0.839815 0.883854 0.844444 0.881771 0.850926 0.883073 0.853241 0.883854 0.85787 0.886198 0.8625 0.888542 0.87963 0.890104 0.883796 0.892448 0.894907 0.9 0.914352 0.904167 0.921759 0.90599 0.922685 0.908073 0.926389 0.910417 0.928241 0.91276 0.928704 0.915104 0.927315 0.915104 0.919907 0.91276 0.912037 0.910677 0.898611 0.904948 0.883333 0.900521 0.875 0.891927 0.865741 0.890104 0.859722 0.88776 0.855093
0 0.304453 0.67338 0.304479 0.678889 0.304427 0.683796 0.298698 0.69213 0.296354 0.698148 0.29349 0.716204 0.291927 0.735185 0.291667 0.746759 0.292708 0.753704 0.298698 0.764352 0.302344 0.766667 0.304688 0.765278 0.305729 0.763426 0.30651 0.759722 0.309635 0.753704 0.311719 0.746296 0.3125 0.740278 0.313281 0.718519 0.31224 0.708333 0.311719 0.693056 0.310677 0.687963 0.30776 0.685093
