0 0.136979 0.534259 0.135937 0.536574 0.135417 0.541204 0.135156 0.559259 0.138281 0.565278 0.140885 0.565278 0.142969 0.563889 0.150521 0.568519 0.151562 0.55787 0.153385 0.554167 0.155469 0.552315 0.154948 0.548148 0.154427 0.547222 0.15026 0.547222 0.147656 0.541204 0.142708 0.538426 0.138802 0.533333
0 0.18151 0.509722 0.178984 0.513889 0.179688 0.523611 0.18099 0.527315 0.185417 0.535648 0.188542 0.539352 0.196615 0.548796 0.197396 0.543519 0.203229 0.54662 0.194792 0.522222 0.192448 0.514352 0.190885 0.511574 0.186979 0.509259
0 0.690104 0.718519 0.686979 0.710185 0.683594 0.697222 0.681771 0.693981 0.677604 0.693056 0.669531 0.696296 0.6625 0.70463 0.659375 0.711574 0.657813 0.71713 0.656771 0.725926 0.658333 0.728704 0.665625 0.733796 0.66901 0.734722 0.677865 0.734722 0.685677 0.726389 0.688802 0.725926 0.689844 0.723148
0 0.0296875 0.156019 0.0263021 0.1625 0.0239583 0.169444 0.0244792 0.177315 0.0255208 0.179167 0.0289063 0.181481 0.0375 0.181481 0.0388021 0.180556 0.0401042 0.177778 0.0395833 0.162037 0.0388021 0.158333 0.0367188 0.155556 0.0317708 0.155093
0 0.247917 0.732407 0.246354 0.738426 0.241745 0.755556 0.243177 0.769028 0.251302 0.759815 0.254427 0.739352 0.252604 0.733333
0 0.736979 0.63287 0.735156 0.630556 0.732552 0.629167 0.728385 0.631019 0.726302 0.633333 0.722656 0.635185 0.720573 0.638889 0.719792 0.643519 0.721875 0.650463 0.724219 0.653704 0.732292 0.656481 0.735677 0.655093 0.7375 0.650926 0.738542 0.644444 0.738542 0.640741
0 0.138542 0.47037 0.136979 0.474074 0.136719 0.476852 0.139844 0.488889 0.146354 0.5 0.154271 0.51162 0.159297 0.509907 0.152344 0.488426 0.149219 0.475926 0.145833 0.472685 0.140625 0.471759
0 0.502083 0.403704 0.501823 0.407407 0.503385 0.413889 0.50651 0.42037 0.509635 0.424074 0.517188 0.430093 0.520833 0.431481 0.52526 0.42963 0.532578 0.431667 0.532292 0.427778 0.534401 0.423611 0.53099 0.419907 0.528646 0.418519 0.517708 0.400926 0.513802 0.398611 0.508594 0.398611 0.504167 0.400463
0 0.411719 0.691204 0.410156 0.69213 0.408854 0.694444 0.407813 0.701852 0.40599 0.706019 0.405729 0.7125 0.408594 0.727315 0.409635 0.729167 0.41224 0.730556 0.414844 0.728704 0.415885 0.725926 0.415885 0.71713 0.413802 0.694907 0.413021 0.69213
0 0.559635 0.51713 0.558333 0.52037 0.558073 0.525 0.561719 0.538426 0.566146 0.543981 0.568229 0.548611 0.571615 0.552315 0.57526 0.553241 0.577604 0.556944 0.578698 0.55963 0.580208 0.562222 0.58349 0.551852 0.58099 0.546204 0.580208 0.543519 0.579167 0.537963 0.571875 0.522222 0.567708 0.51713
0 0.435417 0.574537 0.434896 0.580556 0.435677 0.583796 0.439583 0.591667 0.44349 0.596296 0.448698 0.6 0.452552 0.605093 0.456979 0.596574 0.455078 0.593519 0.453125 0.591667 0.452083 0.589815 0.451042 0.583796 0.446875 0.575 0.44349 0.572685 0.4375 0.572685
0 0.370365 0.704861 0.36612 0.70162 0.3625 0.707361 0.356901 0.709722 0.350651 0.711528 0.353385 0.718056 0.352552 0.721111 0.34987 0.725046 0.356693 0.723287 0.358568 0.727176 0.36224 0.726852 0.365104 0.723611 0.369271 0.716667 0.371042 0.710231
0 0.126042 0.658796 0.123438 0.659167 0.123333 0.664815 0.12526 0.670833 0.126302 0.673611 0.132552 0.683333 0.134271 0.686574 0.136927 0.690185 0.14224 0.686343 0.138438 0.672963 0.134115 0.666759 0.129531 0.660093
