0 0.257839 0.51 0.256094 0.512546 0.26224 0.517593 0.26276 0.520833 0.264583 0.524537 0.268229 0.525926 0.271354 0.529167 0.275521 0.529167 0.278125 0.524537 0.277344 0.515741 0.273177 0.509259 0.268229 0.506019 0.263802 0.50463 0.257734 0.503704
0 0.298958 0.4125 0.298958 0.420833 0.3 0.426852 0.30651 0.443981 0.310677 0.447222 0.314583 0.453704 0.314583 0.434722 0.313542 0.426852 0.310156 0.413426 0.307812 0.411574 0.301302 0.411574
0 0.871354 0.152315 0.866146 0.144907 0.8625 0.142593 0.857292 0.14213 0.853385 0.143981 0.846615 0.156019 0.844531 0.1625 0.842708 0.172222 0.841667 0.174537 0.841406 0.184722 0.843229 0.184259 0.84375 0.180093 0.848437 0.175 0.853125 0.172222 0.857812 0.172685 0.861458 0.171296 0.870573 0.163426 0.871875 0.160648 0.872396 0.156481
0 0.0567708 0.426389 0.0565104 0.434722 0.0591146 0.441667 0.0609375 0.444444 0.065625 0.447685 0.0698177 0.456389 0.0771094 0.461574 0.0877604 0.453472 0.0799219 0.440648 0.0729167 0.435648 0.0684896 0.423148 0.0674479 0.421759 0.0645833 0.42037 0.0611979 0.421296 0.0583333 0.423148
0 0.197214 0.552917 0.201302 0.560231 0.206927 0.570093 0.210521 0.575787 0.215104 0.581019 0.220833 0.580093 0.221354 0.576389 0.221094 0.569213 0.219557 0.563241 0.217188 0.558333 0.21276 0.556481 0.206458 0.553657 0.201901 0.547037
0 0.507005 0.465185 0.511068 0.46537 0.515365 0.465278 0.516406 0.467593 0.515885 0.469444 0.507604 0.475185 0.509766 0.477454 0.513021 0.477778 0.521875 0.478241 0.524219 0.481481 0.521432 0.484861 0.529167 0.487963 0.530469 0.489815 0.536979 0.491667 0.548958 0.5 0.552344 0.501389 0.561198 0.501852 0.564583 0.500463 0.565625 0.497685 0.564844 0.490278 0.56276 0.48287 0.557552 0.473611 0.554948 0.46713 0.54974 0.461574 0.543229 0.460185 0.533333 0.460185 0.529427 0.45787 0.523385 0.456667 0.52526 0.465278 0.519271 0.464352 0.51138 0.461157
0 0.145026 0.37338 0.145313 0.377315 0.144635 0.381667 0.141771 0.380417 0.144271 0.387963 0.145573 0.393519 0.149219 0.403241 0.15026 0.413889 0.154427 0.428704 0.157552 0.436111 0.164062 0.446759 0.165625 0.448148 0.170052 0.446759 0.172656 0.441204 0.173958 0.426852 0.172135 0.418981 0.169271 0.412963 0.164323 0.405556 0.160677 0.401389 0.158333 0.397222 0.152865 0.391204 0.151562 0.388889 0.147995 0.375648
0 0.876693 0.310833 0.876563 0.319907 0.875521 0.322222 0.873698 0.322685 0.87125 0.325694 0.87526 0.330556 0.876823 0.33287 0.878385 0.341667 0.879687 0.343981 0.889062 0.353704 0.892969 0.356481 0.901042 0.356944 0.904427 0.354167 0.904948 0.349074 0.904167 0.343981 0.89974 0.32963 0.896875 0.324074 0.888802 0.318056 0.884896 0.31713 0.880469 0.318056
0 0.325547 0.349722 0.322292 0.357593 0.325521 0.373148 0.324583 0.378009 0.327865 0.39213 0.332813 0.411111 0.335156 0.41713 0.33776 0.421296 0.339844 0.423148 0.342448 0.423611 0.344271 0.420833 0.345052 0.413889 0.344271 0.399074 0.342969 0.39213 0.340104 0.383333 0.334375 0.371296 0.332839 0.366991 0.330208 0.361574
0 0.471432 0.916157 0.480208 0.916204 0.480104 0.9225 0.485417 0.923426 0.489844 0.926389 0.495312 0.930556 0.497917 0.931481 0.50599 0.931481 0.509375 0.930093 0.511198 0.927315 0.510156 0.918981 0.504948 0.906019 0.502083 0.902778 0.498177 0.900926 0.490625 0.899537 0.481589 0.89875 0.470938 0.90412
0 0.338802 0.731019 0.338021 0.728241 0.334375 0.723148 0.329427 0.722685 0.327083 0.724074 0.318542 0.730741 0.312812 0.738889 0.31237 0.74963 0.320026 0.749444 0.328385 0.746759 0.333854 0.743056 0.336458 0.739815 0.338802 0.734722
0 0.138568 0.609444 0.136667 0.6125 0.141797 0.618843 0.155469 0.618519 0.160495 0.614398 0.163047 0.607639 0.159896 0.603241 0.15599 0.600463 0.15 0.600463 0.138646 0.606065
