0 0.338125 0.77412 0.337318 0.783704 0.339583 0.788426 0.345573 0.793519 0.35 0.789815 0.351589 0.782176 0.34974 0.776389 0.346875 0.775
0 0.817943 0.877685 0.810937 0.874074 0.80625 0.875 0.802604 0.878704 0.800651 0.885185 0.798932 0.892037 0.799219 0.894444 0.80651 0.896296 0.809115 0.89537 0.811198 0.893056 0.81276 0.889352 0.818698 0.886574
0 0.525521 0.89537 0.517188 0.898148 0.510078 0.90037 0.510938 0.906481 0.509167 0.910833 0.514323 0.912037 0.51849 0.918981 0.521354 0.921759 0.525781 0.921759 0.530729 0.918981 0.532292 0.916667 0.532813 0.914352 0.532292 0.906481 0.528646 0.898148
0 0.499661 0.621574 0.494974 0.626852 0.489141 0.62838 0.4875 0.631481 0.485417 0.635648 0.482552 0.638426 0.479687 0.643056 0.469792 0.669444 0.46901 0.677315 0.470573 0.68287 0.47526 0.683333 0.478125 0.680093 0.486458 0.659722 0.491667 0.644907 0.495833 0.636574 0.497135 0.635648 0.498698 0.629167
0 0.657031 0.835278 0.657344 0.84287 0.6625 0.850926 0.666667 0.852778 0.675 0.853241 0.686198 0.851389 0.6925 0.848981 0.692448 0.843981 0.699453 0.838611 0.6875 0.839352 0.685417 0.836574 0.677865 0.833796 0.670312 0.827778 0.665104 0.827778 0.6625 0.829167 0.660156 0.832407
0 0.447396 0.8375 0.446615 0.836111 0.444271 0.835185 0.439844 0.836111 0.433854 0.84213 0.425234 0.840648 0.427604 0.846296 0.42513 0.850926 0.434896 0.854167 0.439844 0.85463 0.441927 0.853704 0.444922 0.851111 0.447917 0.844907 0.448177 0.842593
0 0.140651 0.582407 0.139115 0.584028 0.144531 0.593519 0.149219 0.600926 0.154167 0.604167 0.158333 0.600926 0.158073 0.593056 0.157292 0.590278 0.148307 0.58088 0.141406 0.577778
0 0.294792 0.291204 0.294271 0.29537 0.296094 0.303704 0.296094 0.309722 0.296875 0.315741 0.298698 0.323611 0.302604 0.33287 0.310677 0.347222 0.315625 0.354167 0.322917 0.359722 0.329688 0.363426 0.33151 0.363426 0.332813 0.364815 0.334635 0.364815 0.333333 0.351389 0.334115 0.348148 0.335677 0.350926 0.336198 0.354167 0.338021 0.356481 0.339062 0.363426 0.341667 0.371296 0.344271 0.375463 0.346016 0.378704 0.348177 0.380093 0.346354 0.368981 0.347917 0.3625 0.350521 0.357407 0.353125 0.35463 0.361901 0.358056 0.359635 0.350463 0.353385 0.344907 0.351042 0.343981 0.345573 0.337963 0.341667 0.337963 0.340625 0.337037 0.348099 0.336435 0.346354 0.32963 0.34375 0.324537 0.332813 0.294907 0.329167 0.287963 0.322135 0.278241 0.315625 0.274074 0.310417 0.274537 0.30625 0.276852
0 0.691146 0.675463 0.691927 0.671759 0.68099 0.674074 0.673438 0.684259 0.672396 0.690278 0.673698 0.694907 0.676823 0.697222 0.678646 0.697222 0.681771 0.69537 0.689505 0.684907 0.692187 0.682593
0 0.595573 0.50787 0.594792 0.510185 0.593229 0.515185 0.597708 0.529815 0.601562 0.537963 0.607552 0.549074 0.613021 0.556944 0.615625 0.559259 0.620833 0.559259 0.621875 0.552315 0.621354 0.548148 0.61875 0.537037 0.616927 0.53287 0.611458 0.525 0.602656 0.514537 0.599479 0.512037
0 0.182917 0.543843 0.178125 0.540741 0.17474 0.538426 0.169271 0.540278 0.155521 0.553565 0.146328 0.565 0.151536 0.568056 0.163073 0.564028 0.171771 0.561435 0.182031 0.552778
