0 0.479687 0.674537 0.479167 0.676389 0.479427 0.678704 0.48099 0.683796 0.482552 0.686574 0.485417 0.688426 0.486979 0.688426 0.488542 0.686574 0.489063 0.684722 0.488802 0.676389 0.486458 0.671759 0.482812 0.671759
0 0.575521 0.753935 0.571615 0.751852 0.570573 0.753704 0.570052 0.761111 0.573333 0.766204 0.576068 0.770278 0.578385 0.769907 0.579948 0.76713 0.58125 0.759259 0.580208 0.755 0.578255 0.754028
0 0.575 0.656019 0.570312 0.651389 0.563802 0.651852 0.558333 0.657407 0.557292 0.660185 0.557031 0.663426 0.559896 0.666204 0.571354 0.665741 0.575 0.663426
0 0.603385 0.660648 0.601562 0.663426 0.601042 0.666667 0.600469 0.673056 0.601823 0.677315 0.607552 0.673704 0.61138 0.667685 0.611172 0.661204 0.60651 0.661574
0 0.911719 0.586574 0.910677 0.57963 0.908333 0.575 0.905208 0.572685 0.90026 0.571759 0.891927 0.572685 0.884375 0.575926 0.878646 0.584259 0.878125 0.589352 0.878646 0.593981 0.883333 0.602315 0.886979 0.604167 0.892969 0.604167 0.908594 0.596759 0.911198 0.593981
0 0.574271 0.663796 0.57487 0.670185 0.577526 0.674167 0.579167 0.677315 0.580469 0.677315 0.581771 0.675463 0.582552 0.669444 0.580208 0.663889 0.576302 0.660648
0 0.591667 0.95463 0.591667 0.963889 0.590521 0.968565 0.590625 0.979167 0.591146 0.9875 0.590885 1 0.597396 1 0.598177 0.974074 0.596094 0.964815 0.595833 0.958333 0.594271 0.95787 0.592969 0.95463
0 0.501563 0.822685 0.498958 0.82037 0.494922 0.818843 0.491667 0.822685 0.492396 0.826296 0.494792 0.830694 0.500313 0.83
0 0.646094 0.618611 0.642448 0.61713 0.640625 0.618056 0.639062 0.62037 0.635 0.626435 0.635026 0.633333 0.64375 0.631944 0.645312 0.631019 0.646354 0.629167
0 0.534896 0.542593 0.534115 0.544444 0.534115 0.552315 0.536979 0.556019 0.540365 0.557407 0.541927 0.556944 0.54349 0.552778 0.542188 0.546296 0.540104 0.543056 0.53776 0.541204
