0 0.739844 0.414352 0.742708 0.42037 0.746875 0.422685 0.763802 0.422222 0.770312 0.421481 0.771094 0.416204 0.780156 0.417222 0.780208 0.40787 0.785208 0.404352 0.780729 0.404167 0.77401 0.40037 0.769531 0.399074 0.763542 0.396296 0.754427 0.394444 0.751823 0.39537 0.747396 0.400926 0.741406 0.406019 0.740104 0.408796
0 0.134115 0.5375 0.130312 0.540278 0.130104 0.546204 0.132031 0.551852 0.135156 0.561111 0.139948 0.564815 0.142812 0.570648 0.14625 0.565185 0.14375 0.55787 0.141927 0.550926 0.140625 0.542593 0.138281 0.538426
0 0.702604 0.805556 0.702083 0.809722 0.703385 0.815278 0.704948 0.818981 0.709635 0.825463 0.723958 0.840139 0.727005 0.829954 0.723437 0.824074 0.723437 0.817454 0.71849 0.806944 0.716927 0.804167 0.713021 0.802778 0.70651 0.802778 0.703646 0.803704
0 0.177865 0.759259 0.173177 0.759259 0.170052 0.761111 0.167708 0.766667 0.167969 0.770833 0.169792 0.778704 0.172135 0.782407 0.175964 0.786713 0.178047 0.786574 0.181953 0.780556 0.180885 0.77162 0.179167 0.760185
0 0.191875 0.524444 0.191146 0.530741 0.193229 0.542593 0.194792 0.546296 0.198698 0.555185 0.202656 0.554444 0.202083 0.544907 0.20026 0.537315 0.198177 0.526389 0.197396 0.525
0 0.778385 0.570833 0.777083 0.565741 0.775521 0.564815 0.770833 0.564815 0.768021 0.567778 0.761432 0.57338 0.759531 0.575231 0.761719 0.576157 0.765156 0.57537 0.772396 0.577778 0.777344 0.575 0.778385 0.573611
0 0.417969 0.693519 0.416146 0.690741 0.408333 0.691204 0.404167 0.693056 0.397656 0.704167 0.397917 0.70787 0.398958 0.709722 0.403906 0.711574 0.407552 0.710648 0.41224 0.70787 0.418724 0.701065
0 0.164844 0.533333 0.163542 0.5375 0.164062 0.541204 0.173698 0.571296 0.178906 0.57963 0.18151 0.5875 0.186198 0.5875 0.186458 0.583796 0.185677 0.575 0.183333 0.568056 0.183073 0.558796 0.179948 0.543056 0.177865 0.538889 0.173698 0.534259 0.170833 0.53287
0 0.889844 0.627315 0.890365 0.631481 0.895573 0.638889 0.896615 0.642593 0.896615 0.649074 0.898177 0.651389 0.908073 0.656019 0.911719 0.661111 0.914323 0.661574 0.916927 0.663426 0.922656 0.663426 0.923958 0.661574 0.924479 0.656019 0.923177 0.648611 0.920052 0.64213 0.914323 0.635185 0.91276 0.631944 0.91224 0.629167 0.907813 0.627315 0.900521 0.627315 0.89349 0.624537 0.891146 0.625
0 0.392188 0.688426 0.391146 0.684722 0.388542 0.681944 0.382292 0.681481 0.378646 0.68287 0.376563 0.684722 0.370052 0.697685 0.369531 0.705093 0.372135 0.707407 0.376042 0.708796 0.38099 0.708796 0.384375 0.706481 0.390104 0.700463 0.392448 0.69213
