0 0.0650781 0.367176 0.0621354 0.369352 0.0664062 0.373472 0.0708333 0.378704 0.0768229 0.392593 0.0815104 0.399537 0.0893229 0.406481 0.0924479 0.407407 0.0994792 0.406481 0.0995313 0.398843 0.0980469 0.393287 0.0953125 0.385648 0.0924479 0.381481 0.0864583 0.375463 0.0705729 0.363889 0.0686198 0.361204 0.064349 0.3575
0 0.626797 0.678148 0.626823 0.681481 0.627083 0.685648 0.632031 0.698611 0.637396 0.709028 0.641849 0.714167 0.642396 0.705093 0.643021 0.704167 0.647396 0.704259 0.642057 0.695046 0.644922 0.690278 0.639583 0.67963 0.63776 0.672685 0.634375 0.671296 0.630885 0.675833
0 0.853307 0.77787 0.841667 0.778241 0.8375 0.785648 0.834896 0.788889 0.833854 0.79213 0.83125 0.808796 0.833594 0.816204 0.841927 0.81713 0.844792 0.810185 0.847969 0.800833 0.854245 0.80213 0.85388 0.788981 0.859141 0.779028
0 0.516406 0.509722 0.515104 0.506019 0.510417 0.498148 0.504948 0.493056 0.502083 0.486574 0.498698 0.484722 0.490104 0.486111 0.482031 0.491667 0.47526 0.493981 0.473385 0.495833 0.473698 0.500463 0.471875 0.502778 0.464062 0.500463 0.463021 0.498611 0.46013 0.495556 0.456224 0.493333 0.458672 0.499028 0.4625 0.503704 0.466146 0.510648 0.464062 0.513426 0.459115 0.515278 0.456589 0.51713 0.465885 0.518056 0.469271 0.517593 0.470833 0.515741 0.47474 0.515741 0.476823 0.517593 0.474219 0.520833 0.472057 0.523102 0.474479 0.525 0.483594 0.524537 0.485938 0.522685 0.502604 0.523148 0.50599 0.522222 0.511719 0.518056 0.514583 0.514815 0.516146 0.512037
0 0.513542 0.230556 0.508229 0.235 0.514583 0.253704 0.516927 0.260185 0.526042 0.277778 0.528906 0.280093 0.533333 0.279167 0.533854 0.275 0.532292 0.260185 0.530729 0.254167 0.521354 0.240278 0.51901 0.238426 0.515625 0.232407
0 0.404167 0.458796 0.401068 0.463333 0.404167 0.467593 0.408542 0.481343 0.418229 0.49537 0.419792 0.496759 0.423958 0.497222 0.423958 0.487963 0.422396 0.475926 0.411797 0.463935
0 0.083099 0.450972 0.084375 0.455694 0.0854167 0.462037 0.0880208 0.47037 0.0916667 0.472685 0.0945312 0.475926 0.0988802 0.482593 0.106693 0.494259 0.117161 0.500787 0.117161 0.494074 0.12375 0.497731 0.117135 0.479259 0.110469 0.469537 0.108854 0.464352 0.101042 0.451389 0.0989583 0.449537 0.0916667 0.446296 0.089375 0.446806 0.0852865 0.44838
0 0.216693 0.723889 0.217708 0.733333 0.226797 0.751111 0.235729 0.7625 0.247448 0.774491 0.253516 0.765741 0.244583 0.747361 0.239323 0.739815 0.232552 0.727778 0.22474 0.722222 0.220312 0.721759
0 0.378177 0.715509 0.375781 0.713426 0.373307 0.718241 0.37526 0.725926 0.377865 0.734259 0.380729 0.739815 0.384896 0.742593 0.386719 0.739815 0.38724 0.731944 0.384896 0.72037 0.379688 0.714259
0 0.210807 0.563657 0.21026 0.570741 0.213542 0.57963 0.217578 0.589769 0.221042 0.591713 0.225703 0.591528 0.223698 0.579722 0.221094 0.566204 0.214531 0.562824
0 0.733568 0.346574 0.735234 0.350694 0.736536 0.353194 0.73776 0.355556 0.736641 0.360093 0.734635 0.361574 0.731797 0.361852 0.728958 0.36287 0.739062 0.366667 0.73875 0.372639 0.745573 0.378241 0.758854 0.389815 0.765104 0.390741 0.767448 0.389815 0.76901 0.385648 0.76849 0.378241 0.764323 0.363889 0.763021 0.361574 0.755729 0.356944 0.743333 0.351991 0.74375 0.356481 0.739323 0.353704 0.73849 0.352778 0.73724 0.35 0.735833 0.347546
0 0.693229 0.553704 0.691354 0.554352 0.691927 0.5625 0.690625 0.564815 0.687656 0.564769 0.689063 0.566667 0.692708 0.571296 0.696875 0.594444 0.697656 0.59537 0.701562 0.595833 0.703906 0.593981 0.704688 0.589352 0.704427 0.579167 0.702604 0.565741 0.69724 0.557037 0.695833 0.55787
0 0.68724 0.415972 0.680469 0.423519 0.679375 0.418565 0.676042 0.421759 0.669792 0.424074 0.667448 0.42963 0.659115 0.443056 0.658073 0.449074 0.659635 0.455093 0.664062 0.456944 0.668229 0.456019 0.671979 0.452269 0.675521 0.447685 0.679427 0.437037 0.682292 0.435185 0.688021 0.43162 0.685312 0.430046 0.683594 0.430093 0.682031 0.427315 0.684115 0.422222 0.685755 0.420139
