0 0.225 0.364352 0.220833 0.360185 0.216667 0.360648 0.213542 0.364352 0.213542 0.371759 0.216667 0.373611 0.22474 0.372685 0.22526 0.371759
0 0.2125 0.584722 0.209896 0.581019 0.205208 0.579167 0.202266 0.578935 0.19974 0.579861 0.198437 0.581806 0.196354 0.58287 0.192188 0.586574 0.190625 0.593519 0.190625 0.601852 0.191406 0.606019 0.19375 0.609722 0.197917 0.610185 0.203906 0.60787 0.209635 0.602778 0.211458 0.599074 0.2125 0.594444 0.213021 0.5875
0 0.5 0.737963 0.498958 0.740278 0.498698 0.74537 0.500521 0.755556 0.503906 0.763426 0.504948 0.764352 0.508333 0.763889 0.509375 0.760648 0.509375 0.752315 0.508594 0.748148 0.507031 0.744444 0.502083 0.7375
0 0.574219 0.777778 0.572135 0.778704 0.571615 0.780556 0.567578 0.786296 0.568464 0.7925 0.569531 0.802778 0.57151 0.808519 0.576797 0.812222 0.580313 0.805139 0.581771 0.788426 0.58151 0.781019 0.580469 0.77963 0.577083 0.777778
0 0.424401 0.566991 0.422005 0.56963 0.421693 0.574676 0.423073 0.580509 0.428125 0.588889 0.43151 0.59213 0.442448 0.597222 0.44401 0.605139 0.450781 0.591157 0.446615 0.591667 0.444792 0.588426 0.442708 0.57963 0.439063 0.570833 0.436458 0.567593 0.432552 0.565278 0.428646 0.565278
0 0.186979 0.442593 0.185417 0.435648 0.18099 0.432407 0.17526 0.433333 0.165885 0.438889 0.166406 0.44213 0.16849 0.444907 0.177865 0.450463 0.183594 0.449537 0.185677 0.447222
0 0.346615 0.491667 0.345052 0.488889 0.342708 0.4875 0.33724 0.490278 0.334115 0.493981 0.332292 0.497685 0.329948 0.50463 0.329427 0.508333 0.330729 0.514444 0.335156 0.511574 0.338281 0.510648 0.342448 0.506944 0.346875 0.497222
0 0.0536458 0.386111 0.0536458 0.383333 0.0523438 0.37963 0.0476562 0.376852 0.0432292 0.376389 0.0401042 0.377778 0.0328125 0.377778 0.0315104 0.37963 0.0328125 0.383796 0.0359375 0.387037 0.0460938 0.393056 0.0510417 0.391667
0 0.155208 0.400463 0.157552 0.40463 0.165365 0.411111 0.169531 0.410648 0.171094 0.409259 0.172135 0.406481 0.172135 0.400463 0.170573 0.397222 0.168229 0.394907 0.164844 0.393981 0.157292 0.397222
0 0.0880208 0.397222 0.0880208 0.400926 0.0916667 0.412037 0.0950521 0.418056 0.103385 0.425926 0.10651 0.426389 0.109375 0.423611 0.109896 0.421759 0.109375 0.415741 0.10625 0.40787 0.104167 0.40463 0.0997396 0.400926 0.0911458 0.397222
0 0.432292 0.623611 0.430469 0.631944 0.430469 0.636574 0.432292 0.644444 0.4375 0.644907 0.438802 0.64213 0.439583 0.637037 0.439323 0.631019 0.4375 0.626389 0.435677 0.624074
0 0.201563 0.418056 0.201302 0.421759 0.202344 0.425926 0.208333 0.436574 0.213542 0.449074 0.221354 0.459722 0.229167 0.466667 0.24974 0.477315 0.258073 0.47963 0.26901 0.47963 0.281771 0.477315 0.29349 0.473611 0.303906 0.46713 0.307812 0.46713 0.309635 0.469907 0.31276 0.478241 0.317448 0.497222 0.319531 0.5 0.321094 0.504167 0.322656 0.500926 0.323437 0.487037 0.32474 0.480556 0.325781 0.46713 0.329688 0.443519 0.33125 0.438889 0.329427 0.437037 0.327344 0.437037 0.324219 0.438889 0.315104 0.452778 0.310417 0.455093 0.305469 0.449074 0.293229 0.428704 0.272396 0.402778 0.265104 0.396296 0.26224 0.39537 0.258073 0.39213 0.254948 0.391667 0.252344 0.389352 0.245052 0.388426 0.236979 0.388889 0.226042 0.394907 0.219271 0.396759 0.216927 0.399537 0.216667 0.404167 0.215104 0.406944 0.211719 0.410185 0.203906 0.414352
0 0.569792 0.602315 0.569271 0.606019 0.569792 0.609259 0.571094 0.612037 0.578125 0.619444 0.58151 0.621296 0.584896 0.621296 0.588021 0.619444 0.589583 0.616204 0.589583 0.6125 0.586458 0.605556 0.578906 0.598611 0.574479 0.597685
