0 0.119792 0.244907 0.119792 0.248148 0.121875 0.252315 0.128385 0.255093 0.13099 0.255093 0.132292 0.253704 0.132031 0.246296 0.127083 0.241204 0.121615 0.241667
0 0.478646 0.625926 0.475781 0.625926 0.473438 0.627778 0.472396 0.630556 0.471875 0.635648 0.474219 0.638426 0.478542 0.64037 0.480208 0.635648 0.479948 0.628241
0 0.325417 0.680556 0.328385 0.686111 0.331771 0.691667 0.336719 0.694444 0.344531 0.695833 0.348698 0.694907 0.35362 0.696343 0.35862 0.689861 0.352344 0.675463 0.350781 0.672685 0.342917 0.669907 0.334974 0.670139 0.329948 0.671296
0 0.388021 0.516667 0.388802 0.524537 0.390104 0.529167 0.391927 0.531019 0.396615 0.531481 0.397396 0.524074 0.396354 0.519907 0.394531 0.516667 0.392708 0.514815
0 0.466927 0.651389 0.466406 0.656481 0.467708 0.662963 0.470052 0.665278 0.473698 0.663426 0.473958 0.656019 0.470833 0.650463
0 0.356719 0.480231 0.354948 0.484954 0.356771 0.493056 0.361198 0.500926 0.364583 0.502778 0.366146 0.501852 0.367708 0.497222 0.367448 0.490741 0.366146 0.486111 0.364063 0.482407 0.361719 0.480556
0 0.95026 0.614352 0.937682 0.613889 0.925547 0.620556 0.91763 0.62 0.918307 0.632963 0.92237 0.633935 0.927839 0.636157 0.938281 0.635648 0.947396 0.628241 0.950521 0.621759
0 0.32974 0.456065 0.329089 0.462037 0.334115 0.467593 0.33724 0.469444 0.341927 0.469907 0.34375 0.468981 0.344271 0.461111 0.341927 0.456481 0.338802 0.45463 0.333854 0.45463
0 0.519792 0.753241 0.520052 0.760648 0.525 0.764815 0.530208 0.764352 0.532292 0.761111 0.529687 0.753704 0.525521 0.749074 0.52112 0.747963
0 0.279167 0.457407 0.278385 0.468981 0.280469 0.476852 0.282813 0.481481 0.286719 0.480556 0.2875 0.477315 0.286719 0.468519 0.283073 0.459722
0 0.217969 0.412963 0.220312 0.41713 0.224479 0.418519 0.228385 0.418056 0.229687 0.414352 0.228385 0.409722 0.22474 0.407407 0.219792 0.40787 0.21849 0.409722
0 0.456771 0.602315 0.455729 0.607407 0.456771 0.612963 0.458594 0.615278 0.463021 0.615278 0.464844 0.608796 0.464323 0.60463 0.463281 0.602778 0.460677 0.601389 0.457813 0.601389
