0 0.966667 0.860648 0.965104 0.863426 0.96276 0.871759 0.960938 0.883333 0.960938 0.893981 0.963281 0.906019 0.963542 0.916667 0.965365 0.919907 0.970833 0.92037 0.974479 0.922685 0.976823 0.922222 0.978385 0.919907 0.982031 0.89537 0.982292 0.880556 0.98151 0.871759 0.979948 0.867593 0.975 0.862037 0.971094 0.860185
0 0.138802 0.606481 0.138281 0.60787 0.138281 0.61713 0.140365 0.627778 0.14349 0.633333 0.148438 0.637963 0.15026 0.641204 0.152344 0.640278 0.153125 0.638426 0.153385 0.635185 0.149479 0.614352 0.146615 0.608796 0.14375 0.606019 0.140885 0.605556
0 0.10651 0.627778 0.103385 0.629167 0.100521 0.635185 0.100781 0.642593 0.107292 0.652315 0.113177 0.654583 0.114714 0.649398 0.111979 0.635185 0.108073 0.628241
0 0.460677 0.51713 0.461198 0.524537 0.466667 0.528704 0.475 0.528704 0.476823 0.527778 0.478385 0.525926 0.479167 0.519907 0.479167 0.515741 0.478385 0.512037 0.477083 0.510185 0.471875 0.508333 0.467187 0.508333 0.464323 0.510185 0.46224 0.512963
0 0.202604 0.620833 0.201823 0.625463 0.201823 0.631019 0.203125 0.635185 0.207813 0.639352 0.21276 0.647685 0.218411 0.65287 0.222969 0.648796 0.218229 0.635185 0.216406 0.627315 0.213802 0.622222 0.210156 0.619444 0.204687 0.618519
0 0.193229 0.516204 0.194271 0.525463 0.202344 0.537963 0.205208 0.540741 0.208594 0.54213 0.214062 0.550648 0.2175 0.546065 0.2125 0.530556 0.211719 0.527315 0.209375 0.522222 0.205208 0.516667 0.201563 0.513889 0.197917 0.512963 0.195833 0.513426
0 0.164583 0.503704 0.163542 0.507407 0.163542 0.512037 0.165365 0.52037 0.170573 0.531481 0.171615 0.535185 0.172917 0.536111 0.179635 0.542824 0.182474 0.537593 0.178385 0.517593 0.172656 0.507407 0.166146 0.502778
0 0.404427 0.858333 0.402604 0.855556 0.39974 0.853704 0.396094 0.85463 0.391667 0.858796 0.388542 0.864815 0.378203 0.886157 0.379427 0.892593 0.382292 0.894907 0.385156 0.895833 0.390625 0.892593 0.396875 0.885648 0.404687 0.871296 0.405469 0.864352
0 0.504427 0.924537 0.503646 0.921759 0.498958 0.914815 0.495052 0.915278 0.485677 0.925 0.484635 0.928704 0.47763 0.926806 0.479115 0.932963 0.478802 0.941019 0.486458 0.940278 0.488802 0.943056 0.490625 0.943519 0.497917 0.938889 0.503385 0.933333 0.504687 0.928241
0 0.144271 0.537963 0.144531 0.544444 0.146875 0.552778 0.15026 0.559722 0.153646 0.561574 0.163021 0.561574 0.166406 0.55787 0.172917 0.553704 0.176042 0.54537 0.171875 0.540741 0.159635 0.533796 0.148958 0.533333 0.145833 0.534722
