0 0.48776 0.462963 0.482812 0.469444 0.479167 0.481944 0.479167 0.490278 0.480469 0.498611 0.482292 0.503241 0.486198 0.506481 0.490625 0.506481 0.49375 0.503704 0.494271 0.502315 0.498177 0.505093 0.498437 0.499537 0.499479 0.493981 0.501302 0.490741 0.502526 0.488426 0.50487 0.484583 0.501823 0.482407 0.50026 0.480556 0.499479 0.475463 0.496094 0.46713 0.49401 0.463889 0.490625 0.461574
0 0.466927 0.689352 0.467187 0.692593 0.469271 0.696759 0.474219 0.700463 0.499375 0.704213 0.497396 0.701389 0.504687 0.702315 0.506198 0.703796 0.509922 0.704213 0.513646 0.703056 0.509036 0.700833 0.505729 0.699537 0.505729 0.698148 0.508333 0.69537 0.517031 0.695926 0.510156 0.690741 0.504427 0.689815 0.500807 0.687963 0.503958 0.68412 0.49349 0.678704 0.48724 0.673611 0.481771 0.672685 0.477344 0.674537 0.468229 0.683333
0 0.439063 0.621759 0.439063 0.628704 0.442188 0.632407 0.444531 0.633333 0.45599 0.633333 0.461979 0.631019 0.467187 0.631019 0.470599 0.633148 0.473099 0.625 0.466146 0.623148 0.457292 0.614352 0.451823 0.611574 0.447396 0.612963
0 0.442969 0.443519 0.439063 0.444907 0.435417 0.450926 0.432812 0.461574 0.432292 0.470833 0.433073 0.477778 0.435937 0.485185 0.439583 0.488889 0.44375 0.490741 0.445833 0.488889 0.447135 0.483333 0.451302 0.475926 0.452083 0.468056 0.45 0.460185 0.449219 0.45463 0.446354 0.447685
0 0.154844 0.461574 0.158594 0.468981 0.161719 0.471759 0.171354 0.471296 0.178906 0.474537 0.180469 0.471296 0.183385 0.470833 0.176875 0.461574 0.173542 0.458333 0.164948 0.452222 0.158333 0.457407
0 0.376302 0.699537 0.375 0.70463 0.37526 0.706944 0.377344 0.712037 0.380208 0.715278 0.384375 0.718056 0.391849 0.722083 0.393229 0.72037 0.395755 0.720046 0.392188 0.710648 0.385417 0.699537 0.38125 0.696296 0.377604 0.697685
0 0.123438 0.535185 0.122396 0.540741 0.122396 0.547685 0.123438 0.552315 0.139063 0.584074 0.145521 0.580093 0.142969 0.570833 0.141927 0.551852 0.139583 0.543519 0.134896 0.535185 0.13125 0.53287 0.126823 0.532407
0 0.121042 0.520648 0.121302 0.524722 0.1225 0.5275 0.125443 0.531481 0.12776 0.532593 0.131823 0.532685 0.134635 0.534722 0.136979 0.536111 0.141042 0.542407 0.145937 0.533056 0.140885 0.52963 0.14099 0.526574 0.136458 0.517593 0.134635 0.514352 0.126823 0.515093 0.121771 0.517963
0 0.859115 0.905093 0.858854 0.906944 0.859896 0.9125 0.861979 0.917593 0.870313 0.927778 0.876563 0.933333 0.884375 0.937963 0.886458 0.9375 0.892813 0.9325 0.886979 0.927315 0.884115 0.923148 0.880729 0.914815 0.877604 0.909722 0.877083 0.907407 0.873177 0.902917 0.864844 0.898611 0.861719 0.900926
0 0.542448 0.502315 0.543229 0.503704 0.546875 0.506019 0.54974 0.506481 0.560937 0.505093 0.565625 0.502315 0.569271 0.501389 0.572474 0.501528 0.571875 0.49537 0.572083 0.49213 0.568255 0.488889 0.558333 0.487037 0.551562 0.486574 0.548438 0.487963 0.544531 0.491667 0.541667 0.496296
0 0.550521 0.878241 0.545312 0.873148 0.540885 0.872685 0.535417 0.876852 0.533073 0.880556 0.53151 0.881481 0.522917 0.899074 0.522135 0.905556 0.522656 0.912963 0.525781 0.918519 0.530469 0.918981 0.533333 0.917593 0.540104 0.906481 0.542708 0.900926 0.545052 0.893519 0.55 0.885648
0 0.683854 0.649074 0.684115 0.656481 0.688021 0.661574 0.692448 0.663426 0.697917 0.663889 0.701302 0.662963 0.703906 0.661852 0.705729 0.658333 0.712135 0.656667 0.710469 0.644352 0.706771 0.646759 0.705937 0.641389 0.697917 0.6375 0.693229 0.638426 0.691406 0.641204 0.685417 0.646296
0 0.285156 0.753704 0.283073 0.760231 0.286198 0.766667 0.285938 0.774537 0.288802 0.777315 0.29401 0.787963 0.301042 0.790741 0.306771 0.790741 0.308333 0.788426 0.308854 0.781481 0.307552 0.767593 0.305469 0.762963 0.302083 0.758796 0.295312 0.753704 0.293229 0.754167 0.291146 0.756019 0.2875 0.752778
0 0.266432 0.703796 0.261354 0.703148 0.262083 0.710556 0.263281 0.713426 0.264583 0.718519 0.267708 0.719907 0.269844 0.726713 0.27513 0.725046 0.271354 0.710648 0.270052 0.70787
