0 0.554167 0.658333 0.553385 0.664352 0.554427 0.67037 0.560417 0.680556 0.563542 0.681481 0.567969 0.67963 0.572396 0.681019 0.573958 0.67963 0.57526 0.677315 0.576562 0.671759 0.577604 0.67037 0.578646 0.663426 0.573698 0.656481 0.568229 0.653241 0.558073 0.654167 0.555469 0.656019
0 0.283073 0.321296 0.283333 0.329167 0.285677 0.333333 0.28724 0.338889 0.289062 0.342593 0.291667 0.344444 0.296354 0.343981 0.297135 0.339352 0.297135 0.334722 0.296354 0.32963 0.295052 0.325926 0.291146 0.321759 0.288542 0.32037
0 0.279167 0.421759 0.278385 0.425926 0.278385 0.434722 0.279167 0.4375 0.282031 0.439815 0.285156 0.439815 0.286979 0.438426 0.2875 0.431481 0.286198 0.425463 0.283594 0.422222
0 0.119792 0.526852 0.119271 0.53287 0.120052 0.540278 0.126823 0.558796 0.130208 0.561111 0.133854 0.561574 0.136979 0.563889 0.141406 0.563889 0.14349 0.5625 0.144271 0.558333 0.142708 0.552778 0.143229 0.544907 0.140885 0.534259 0.13724 0.526389 0.13125 0.521759 0.126302 0.521759 0.121094 0.525
0 0.205729 0.357407 0.208073 0.364815 0.220573 0.373611 0.224219 0.375 0.229167 0.375 0.234375 0.371759 0.234115 0.364352 0.228906 0.355093 0.219271 0.354167 0.213281 0.356944
0 0.347656 0.403704 0.347396 0.410185 0.347917 0.413889 0.351823 0.416204 0.353385 0.421759 0.356771 0.427315 0.365365 0.434259 0.372917 0.437037 0.38125 0.437037 0.385156 0.433796 0.389323 0.431944 0.390625 0.428241 0.389062 0.419907 0.388802 0.412037 0.38724 0.406019 0.379688 0.399074 0.371094 0.396296 0.361198 0.395833 0.356771 0.398611 0.349479 0.399074
0 0.294271 0.399074 0.29349 0.406481 0.295573 0.408796 0.303646 0.411111 0.305208 0.409722 0.30651 0.406481 0.305729 0.399074 0.302344 0.39537 0.298698 0.393981 0.296354 0.395833
0 0.385417 0.461574 0.384375 0.466204 0.384375 0.47037 0.385937 0.474074 0.388802 0.475926 0.391927 0.476389 0.394792 0.475926 0.395833 0.474537 0.396354 0.468056 0.394271 0.462963 0.389323 0.459259 0.388021 0.459259
0 0.269531 0.356944 0.270573 0.359722 0.274219 0.364352 0.275781 0.367593 0.278125 0.369907 0.283073 0.371759 0.28724 0.371296 0.289323 0.367593 0.289583 0.363889 0.288281 0.356019 0.283854 0.351852 0.272656 0.352778 0.268359 0.353519
0 0.250781 0.399074 0.251823 0.403241 0.254427 0.406481 0.259375 0.408333 0.26224 0.406481 0.26224 0.398611 0.259896 0.391667 0.255729 0.390741 0.251589 0.395509
0 0.239063 0.308333 0.240365 0.311574 0.24401 0.314815 0.247917 0.319907 0.25625 0.32037 0.258333 0.316667 0.258073 0.308796 0.256771 0.306481 0.252344 0.303704 0.247917 0.303704 0.244531 0.305556 0.240104 0.306019
0 0.330469 0.45463 0.330208 0.462037 0.334115 0.467593 0.336979 0.469444 0.345052 0.469907 0.350521 0.467593 0.353385 0.464815 0.361458 0.465278 0.361458 0.452778 0.358333 0.454167 0.354427 0.453704 0.348438 0.447222 0.344271 0.444907 0.341146 0.444444 0.33724 0.445833 0.333333 0.449537
0 0.233073 0.285648 0.232031 0.287963 0.233073 0.296759 0.235677 0.299537 0.23776 0.299537 0.239583 0.298148 0.240365 0.294907 0.239063 0.288426 0.236458 0.284259
0 0.350052 0.381574 0.349479 0.389352 0.34974 0.398148 0.353646 0.399074 0.357812 0.396759 0.359401 0.393981 0.358333 0.385648 0.355469 0.381944 0.353385 0.378935
0 0.0471354 0.187037 0.046875 0.191667 0.0528646 0.203704 0.0567708 0.208333 0.0598958 0.210648 0.0648438 0.211111 0.0671875 0.207407 0.0677083 0.205093 0.0671875 0.197685 0.0643229 0.193519 0.0604167 0.189815 0.0557292 0.187037 0.0518229 0.186574 0.0467708 0.183287
0 0.322891 0.372269 0.32 0.376343 0.3225 0.3875 0.32375 0.396667 0.328255 0.401204 0.33099 0.396759 0.33099 0.389352 0.330208 0.385648 0.327865 0.381481
0 0.380729 0.492593 0.378906 0.496296 0.378385 0.505093 0.378906 0.509722 0.380729 0.513889 0.384896 0.515278 0.386719 0.508796 0.38724 0.502315 0.384635 0.495833
