0 0.714583 0.605556 0.71276 0.605093 0.709896 0.609722 0.709115 0.613889 0.709375 0.622685 0.708854 0.625 0.708854 0.631019 0.713021 0.627778 0.715625 0.621759 0.716406 0.614815 0.715625 0.606944
0 0.581432 0.688102 0.58125 0.691667 0.579766 0.697037 0.585677 0.705093 0.591667 0.709722 0.595833 0.709722 0.597656 0.705093 0.597396 0.697685 0.593229 0.690741 0.591927 0.689815 0.588021 0.690278 0.584115 0.6875
0 0.611719 0.649074 0.609896 0.649074 0.608958 0.649398 0.607031 0.650463 0.605469 0.652315 0.601823 0.653704 0.591146 0.662963 0.58776 0.669444 0.585417 0.676852 0.585417 0.684259 0.58776 0.686574 0.589323 0.686111 0.592448 0.682407 0.595833 0.681019 0.597135 0.678704 0.599219 0.677315 0.603906 0.665741 0.609896 0.656481 0.611563 0.654444 0.612135 0.651065
0 0.247917 0.912037 0.245312 0.919907 0.244792 0.92963 0.245312 0.931944 0.246615 0.933796 0.252083 0.933333 0.254427 0.927315 0.255208 0.911204 0.2525 0.901898 0.248177 0.903935
0 0.148438 0.643426 0.144714 0.65213 0.153125 0.656944 0.154948 0.661574 0.157812 0.665278 0.161719 0.663889 0.163281 0.661574 0.163151 0.656944 0.162526 0.648287 0.159141 0.647176
0 0.482474 0.56125 0.484453 0.566204 0.484896 0.568981 0.485417 0.573611 0.484635 0.577778 0.482734 0.580093 0.490104 0.58287 0.491146 0.587037 0.49401 0.59213 0.497917 0.596296 0.50599 0.598611 0.510156 0.596296 0.514062 0.590741 0.514844 0.5875 0.514844 0.576852 0.513802 0.571296 0.510938 0.565278 0.50651 0.562037 0.502083 0.561111 0.494792 0.562963 0.490885 0.565741 0.489583 0.565741 0.486458 0.562037
0 0.532214 0.431852 0.533333 0.441667 0.530807 0.446204 0.535052 0.445741 0.537943 0.445648 0.537474 0.447176 0.536328 0.450833 0.545312 0.455556 0.560417 0.463426 0.56901 0.4625 0.570312 0.461574 0.572396 0.457407 0.572656 0.453704 0.570833 0.448148 0.564063 0.436574 0.561719 0.433796 0.557292 0.432407 0.538281 0.430417 0.538281 0.433333
0 0.656198 0.77838 0.655651 0.789352 0.658073 0.794907 0.661198 0.802778 0.662344 0.806806 0.669036 0.812546 0.673177 0.810185 0.673698 0.808333 0.672396 0.794907 0.667969 0.788426 0.660937 0.784722
0 0.373073 0.793519 0.376302 0.799074 0.374531 0.803796 0.380729 0.811574 0.382552 0.816204 0.395833 0.825926 0.400781 0.825463 0.404948 0.818981 0.405469 0.814352 0.403906 0.806019 0.401562 0.800463 0.396875 0.793519 0.39349 0.791667 0.388021 0.791204 0.383125 0.790278 0.380469 0.794907
0 0.152943 0.711204 0.149922 0.713565 0.152344 0.718981 0.153906 0.725463 0.15625 0.743056 0.158073 0.749074 0.1625 0.751389 0.166146 0.746759 0.167187 0.742593 0.167448 0.731944 0.166406 0.725926 0.16276 0.72037 0.156771 0.716204 0.154427 0.712037
