0 0.338281 0.459722 0.334896 0.455556 0.330469 0.453241 0.327604 0.453241 0.32474 0.456481 0.321094 0.462037 0.315625 0.473148 0.31224 0.477315 0.311979 0.483796 0.307031 0.490741 0.307031 0.494444 0.310156 0.497685 0.309896 0.502315 0.310677 0.503241 0.313021 0.5 0.317708 0.498611 0.323958 0.489815 0.332292 0.482407 0.336719 0.473611 0.338281 0.465741
0 0.663542 0.408796 0.661198 0.40463 0.657552 0.402315 0.654427 0.401389 0.65 0.402315 0.64401 0.40787 0.636198 0.420833 0.630208 0.425 0.632552 0.428704 0.630208 0.432407 0.640885 0.431944 0.654167 0.425926 0.658854 0.421759 0.663281 0.414815 0.663802 0.412037
0 0.388542 0.388889 0.388021 0.393519 0.388802 0.400926 0.39349 0.413426 0.39401 0.417593 0.395313 0.421296 0.398698 0.425463 0.400521 0.429167 0.401042 0.435185 0.404427 0.434722 0.407813 0.431944 0.40651 0.430093 0.405469 0.426389 0.403125 0.403704 0.401042 0.397222 0.398698 0.393519 0.39375 0.388889 0.391146 0.3875
0 0.457031 0.882407 0.454427 0.87963 0.451302 0.880093 0.449479 0.881481 0.446875 0.885648 0.444792 0.887037 0.440625 0.893981 0.435677 0.897222 0.436198 0.900463 0.438021 0.901389 0.439063 0.903241 0.43776 0.911574 0.438802 0.912963 0.442708 0.910648 0.446094 0.911574 0.44974 0.909259 0.453125 0.905093 0.457552 0.887963
0 0.0789062 0.220833 0.0783854 0.224074 0.0802083 0.230556 0.0888021 0.240278 0.0953125 0.244444 0.105729 0.24537 0.109115 0.25 0.111198 0.249537 0.111979 0.248148 0.110417 0.244907 0.110417 0.241204 0.111979 0.239815 0.11276 0.2375 0.111458 0.2375 0.108073 0.234722 0.105469 0.226852 0.100781 0.222222 0.0955729 0.215278 0.0919271 0.213426 0.0882813 0.214352 0.0807292 0.218519
0 0.908333 0.715278 0.903646 0.713889 0.900781 0.714815 0.897396 0.718519 0.895312 0.725 0.896354 0.736574 0.897917 0.740278 0.90026 0.74213 0.902865 0.740741 0.908854 0.73287 0.910156 0.725926 0.910677 0.718519
0 0.127266 0.602361 0.125208 0.607407 0.126823 0.615278 0.129948 0.631944 0.130729 0.633796 0.134115 0.636111 0.141901 0.643843 0.144193 0.635463 0.13849 0.618333 0.133333 0.606435
0 0.115885 0.896296 0.115104 0.896296 0.109635 0.906019 0.10599 0.919907 0.104948 0.932407 0.105208 0.952315 0.107292 0.969907 0.107552 0.986111 0.108854 0.99213 0.110937 0.994907 0.111458 0.994907 0.115365 0.984259 0.116667 0.968981 0.119792 0.955556 0.121094 0.938889 0.121875 0.920833 0.121094 0.90787 0.119271 0.899074
0 0.101823 0.428241 0.100781 0.432407 0.100781 0.436111 0.102083 0.439815 0.103646 0.440741 0.107552 0.445833 0.111719 0.449537 0.116927 0.452315 0.11901 0.455093 0.123177 0.455093 0.127057 0.445787 0.11901 0.44213 0.116667 0.435185 0.113021 0.429167 0.107813 0.424074 0.103385 0.425
0 0.596875 0.802778 0.595573 0.802778 0.592969 0.809259 0.590365 0.829167 0.587969 0.839815 0.587708 0.847222 0.592187 0.839352 0.595833 0.831481 0.598177 0.823148 0.598958 0.814815 0.598177 0.80463
0 0.397396 0.477778 0.396094 0.481019 0.396354 0.4875 0.397396 0.493519 0.4 0.499074 0.402604 0.507407 0.40599 0.511111 0.407813 0.515741 0.408854 0.512963 0.411198 0.512037 0.408073 0.498148 0.407813 0.486111 0.40599 0.481019 0.403906 0.478241 0.402083 0.477315
0 0.645573 0.327778 0.64375 0.325 0.638281 0.324537 0.630729 0.326852 0.626823 0.330093 0.622135 0.337963 0.617188 0.348611 0.615104 0.359259 0.605729 0.373611 0.611198 0.372685 0.61276 0.368981 0.612474 0.380926 0.616146 0.374074 0.616406 0.371296 0.61849 0.366667 0.623177 0.363889 0.624219 0.366204 0.626563 0.36713 0.628646 0.360648 0.63125 0.356019 0.638281 0.348611 0.64401 0.337963 0.645833 0.331481
