0 0.357474 0.485787 0.35651 0.489815 0.360417 0.499537 0.365104 0.503241 0.367708 0.502315 0.369271 0.500463 0.369792 0.496759 0.36901 0.489352 0.367448 0.486574 0.365365 0.484259 0.361198 0.485185 0.358333 0.482407
0 0.328646 0.468519 0.333854 0.473611 0.338021 0.473611 0.341927 0.469444 0.341927 0.46713 0.339323 0.461574 0.333854 0.458333 0.327109 0.461111
0 0.147135 0.343519 0.14974 0.347685 0.153125 0.349537 0.158333 0.349074 0.159896 0.34537 0.159896 0.342593 0.158854 0.338889 0.157552 0.336574 0.155208 0.334722 0.153385 0.334722 0.150521 0.336574
0 0.447135 0.565741 0.446094 0.568056 0.444792 0.578241 0.445052 0.587037 0.447135 0.591204 0.449479 0.588889 0.450781 0.581481 0.450781 0.569907 0.44974 0.566667
0 0.36849 0.440741 0.368229 0.448148 0.372917 0.450926 0.378385 0.450926 0.382552 0.448148 0.38151 0.440741 0.378385 0.438426 0.371615 0.437963
0 0.628385 0.511574 0.623177 0.511574 0.619531 0.514352 0.617188 0.518056 0.615365 0.523611 0.613281 0.526389 0.6125 0.530093 0.613021 0.535648 0.614844 0.539815 0.61901 0.544444 0.624219 0.545833 0.630208 0.541667 0.632292 0.537963 0.633594 0.531481 0.633594 0.524074 0.63099 0.514352
0 0.408073 0.581481 0.404948 0.586574 0.404687 0.594907 0.405729 0.598148 0.407813 0.600463 0.41224 0.6 0.414062 0.594907 0.413802 0.586574
0 0.371615 0.509722 0.372135 0.517593 0.376823 0.524537 0.38151 0.524537 0.382292 0.51713 0.379427 0.510185 0.375521 0.50787 0.372656 0.50787
0 0.447396 0.593981 0.447135 0.602778 0.448437 0.610185 0.450781 0.613889 0.455599 0.616667 0.457995 0.6125 0.457031 0.606019 0.454948 0.597685 0.451562 0.593981
0 0.0379427 0.321528 0.0408073 0.325833 0.0450781 0.327824 0.0475 0.330833 0.0511458 0.333194 0.0533333 0.332917 0.0556771 0.3325 0.059375 0.323611 0.0567708 0.318519 0.0489583 0.314815 0.0384635 0.317361
0 0.545573 0.830556 0.544792 0.830093 0.540885 0.83287 0.535677 0.838426 0.532031 0.847685 0.530469 0.853241 0.528125 0.86713 0.524479 0.877315 0.523047 0.881481 0.525521 0.881019 0.527344 0.881944 0.52987 0.890185 0.533073 0.883796 0.534635 0.881019 0.5375 0.879167 0.542969 0.871759 0.547917 0.85787 0.548698 0.849537 0.548958 0.838889 0.548438 0.835648
0 0.258073 0.385185 0.260156 0.390741 0.263281 0.393519 0.267708 0.393981 0.270833 0.392593 0.271615 0.387963 0.271615 0.385185 0.267708 0.379167 0.261979 0.37963 0.259896 0.381481
0 0.269531 0.627778 0.268229 0.622685 0.265104 0.618056 0.263281 0.616667 0.259115 0.616204 0.254427 0.61713 0.248438 0.620833 0.246094 0.62037 0.24401 0.618519 0.241927 0.622685 0.240365 0.62963 0.240885 0.635648 0.245052 0.638889 0.254688 0.642593 0.258073 0.642593 0.263542 0.639815 0.267448 0.635648 0.269271 0.630556
0 0.427005 0.578009 0.427604 0.584259 0.43151 0.589815 0.435677 0.589352 0.435859 0.589491 0.436719 0.585648 0.435937 0.580556 0.432552 0.574537 0.429167 0.573287
