0 0.42526 0.51713 0.42526 0.524537 0.426823 0.531481 0.431771 0.544907 0.439063 0.556481 0.442188 0.5625 0.443229 0.56713 0.445312 0.568056 0.446615 0.57037 0.447135 0.573148 0.448698 0.569907 0.451042 0.568056 0.452083 0.569907 0.454948 0.580556 0.457552 0.581481 0.459115 0.585185 0.459115 0.579167 0.457552 0.578704 0.456771 0.577315 0.45651 0.572222 0.457552 0.569444 0.463229 0.572083 0.461198 0.565741 0.45599 0.560185 0.455729 0.558796 0.457031 0.551852 0.453385 0.542593 0.448177 0.524537 0.44375 0.517593 0.440104 0.515741 0.430729 0.514815
0 0.0424479 0.231944 0.0424479 0.233333 0.0445313 0.238426 0.0486979 0.244907 0.0606771 0.252315 0.0643229 0.253704 0.0763021 0.254167 0.079401 0.254722 0.0778646 0.249074 0.0789062 0.247222 0.08125 0.244306 0.0726563 0.239815 0.0643229 0.22963 0.0580729 0.225463 0.0484375 0.225463 0.0440104 0.228241
0 0.0279948 0.383056 0.0305729 0.391528 0.0421354 0.396481 0.046875 0.399537 0.0526042 0.403704 0.0569271 0.403843 0.0630469 0.402731 0.061849 0.39213 0.0581771 0.384722 0.0528906 0.378519 0.0466146 0.375139 0.0422396 0.372685 0.035026 0.368889 0.0296094 0.372037
0 0.204427 0.315741 0.204167 0.323148 0.210417 0.337037 0.216927 0.343981 0.222135 0.347685 0.232292 0.358333 0.239844 0.359722 0.241146 0.360648 0.24401 0.365741 0.247135 0.365741 0.247917 0.367593 0.251094 0.371759 0.248177 0.364352 0.250521 0.361574 0.254427 0.360648 0.255469 0.361574 0.257422 0.362731 0.255469 0.357407 0.24974 0.355556 0.244531 0.348611 0.242969 0.341667 0.236979 0.332407 0.236458 0.32963 0.23151 0.32037 0.225 0.312037 0.208073 0.312963 0.205208 0.314352
0 0.167786 0.713056 0.162995 0.716343 0.165365 0.741667 0.166406 0.746759 0.169792 0.751852 0.173958 0.753241 0.176823 0.746759 0.178125 0.739815 0.177604 0.732407 0.174219 0.726389
0 0.392708 0.35463 0.391406 0.356944 0.390104 0.363426 0.390365 0.394444 0.391927 0.398148 0.392708 0.398148 0.392969 0.39213 0.395313 0.376852 0.396094 0.367593 0.395833 0.357407 0.394792 0.355556
0 0.748307 0.765 0.749479 0.774537 0.751042 0.777315 0.759115 0.783333 0.766406 0.781944 0.771615 0.782407 0.778646 0.784722 0.783854 0.784722 0.788542 0.782407 0.797656 0.774537 0.796875 0.768056 0.795312 0.763889 0.794792 0.760185 0.788281 0.75 0.784115 0.747685 0.770052 0.747222 0.761979 0.749074 0.75763 0.758241 0.750365 0.753843
0 0.283125 0.643981 0.27974 0.64213 0.274479 0.649074 0.272083 0.655278 0.273438 0.662037 0.275 0.665278 0.279687 0.66713 0.287708 0.664907 0.294245 0.655556 0.289427 0.649074
0 0.353385 0.328704 0.352344 0.32963 0.351823 0.3375 0.353385 0.35 0.353646 0.363889 0.355469 0.375926 0.357292 0.381481 0.361458 0.380093 0.36276 0.372222 0.3625 0.356944 0.361458 0.35 0.35651 0.339815 0.354167 0.32963
0 0.236198 0.435185 0.234661 0.440972 0.237917 0.446713 0.240104 0.447685 0.24526 0.460602 0.251823 0.473148 0.255469 0.476389 0.260937 0.475926 0.260937 0.465278 0.259896 0.461111 0.257031 0.45463 0.253646 0.450463 0.248438 0.447222 0.244271 0.44213 0.2375 0.437963
0 0.689844 0.587037 0.692969 0.593056 0.696354 0.594907 0.707552 0.593056 0.710156 0.588426 0.71276 0.5875 0.716406 0.589352 0.720833 0.589352 0.721615 0.586574 0.717969 0.580093 0.717969 0.578241 0.71901 0.576389 0.721354 0.575463 0.722396 0.572685 0.717448 0.572685 0.716667 0.574537 0.713021 0.574537 0.711719 0.572685 0.70599 0.571759 0.701302 0.569444 0.697917 0.57037 0.690365 0.580093
0 0.565703 0.234722 0.56276 0.231019 0.557552 0.229167 0.552865 0.230093 0.548958 0.232407 0.533828 0.245694 0.532813 0.252778 0.526641 0.254028 0.530729 0.260648 0.529349 0.265139 0.538411 0.260787 0.539818 0.265417 0.545052 0.259722 0.555208 0.253704 0.559115 0.25 0.564583 0.242593 0.565365 0.240278
0 0.221354 0.774074 0.216667 0.77037 0.209375 0.774074 0.204948 0.779167 0.201302 0.781019 0.196875 0.781481 0.19849 0.785972 0.196432 0.790139 0.203385 0.790278 0.208333 0.792593 0.21276 0.79213 0.221094 0.781481
0 0.649479 0.384722 0.650521 0.39213 0.653906 0.396759 0.660417 0.4 0.670052 0.4 0.672917 0.400926 0.677865 0.398611 0.684375 0.4 0.689063 0.399537 0.684896 0.392593 0.684896 0.391204 0.686979 0.387963 0.691927 0.385648 0.683333 0.385185 0.681771 0.387037 0.679167 0.383333 0.678646 0.378241 0.672656 0.377778 0.666406 0.374537 0.661198 0.374537 0.654427 0.378241 0.65026 0.382407
