0 0.392708 0.882407 0.391406 0.886111 0.390365 0.900926 0.391146 0.904167 0.39401 0.908333 0.396354 0.932407 0.397656 0.941204 0.40026 0.947222 0.403125 0.949074 0.408854 0.949537 0.411979 0.951389 0.414323 0.955093 0.414583 0.961111 0.415365 0.963426 0.426563 0.972685 0.438021 0.977315 0.440885 0.977315 0.44349 0.975 0.444531 0.968981 0.44401 0.955093 0.440885 0.934259 0.439583 0.917593 0.435677 0.906019 0.428906 0.893056 0.427865 0.889815 0.423177 0.881944 0.417708 0.877778 0.411979 0.875463 0.404948 0.877315 0.404427 0.878704 0.404427 0.871296 0.40026 0.872685 0.398438 0.876852
0 0.191146 0.531019 0.185938 0.525463 0.182031 0.523611 0.177604 0.524074 0.173958 0.526389 0.167708 0.532407 0.160833 0.534537 0.161979 0.549537 0.157031 0.550926 0.154688 0.553241 0.153385 0.558796 0.154167 0.563426 0.155729 0.564815 0.158333 0.565278 0.161719 0.560185 0.165625 0.562963 0.16849 0.562963 0.173698 0.559722 0.182812 0.550463 0.190365 0.538426
0 0.863281 0.584259 0.863021 0.587037 0.865104 0.591204 0.875781 0.600926 0.890625 0.600926 0.888542 0.593519 0.886198 0.59213 0.882292 0.586574 0.877083 0.581481 0.873698 0.57963 0.868229 0.579167 0.864323 0.581481
0 0.463021 0.549074 0.459375 0.550463 0.455208 0.556944 0.453385 0.555556 0.452083 0.551852 0.450781 0.551852 0.451042 0.566204 0.45026 0.57037 0.449219 0.572222 0.447917 0.572685 0.448437 0.575463 0.451042 0.576389 0.453125 0.579167 0.455208 0.5875 0.457552 0.588889 0.461979 0.588426 0.466927 0.583333 0.46849 0.579167 0.470052 0.565741 0.467448 0.558796 0.465885 0.552315
0 0.578646 0.995833 0.577344 0.990278 0.576562 0.982407 0.573438 0.969907 0.56875 0.957407 0.563021 0.947685 0.56276 0.940741 0.560677 0.937037 0.55599 0.936574 0.549479 0.940741 0.54375 0.947685 0.541667 0.960185 0.541406 0.982407 0.540885 0.983796 0.53724 0.981944 0.533333 0.975926 0.530208 0.974537 0.527865 0.975463 0.527604 0.98287 0.529167 0.989815 0.532292 0.995833 0.532552 1 0.578646 1
0 0.486198 0.697685 0.483073 0.718056 0.482552 0.728241 0.482812 0.737963 0.484375 0.748148 0.485938 0.752778 0.490365 0.755556 0.492708 0.753241 0.492708 0.746296 0.49349 0.739815 0.493229 0.731481 0.490625 0.718519 0.486979 0.70787
0 0.81901 0.628241 0.81276 0.61713 0.80651 0.603704 0.804948 0.608333 0.804167 0.618056 0.802604 0.621759 0.798438 0.621759 0.790885 0.624537 0.785677 0.627778 0.77526 0.636574 0.770052 0.645833 0.769531 0.648611 0.769531 0.659259 0.765365 0.672685 0.763542 0.681481 0.763281 0.691204 0.766927 0.693056 0.771354 0.692593 0.792969 0.678704 0.794271 0.676852 0.794531 0.671759 0.795573 0.668981 0.8 0.664815 0.803646 0.662963 0.80599 0.659259 0.808073 0.649537 0.809635 0.637037 0.810677 0.635185 0.815625 0.634259 0.818229 0.632407
0 0.544531 0.696759 0.542969 0.708333 0.542188 0.725 0.543229 0.739352 0.546354 0.753704 0.549219 0.758796 0.551302 0.760648 0.554427 0.760648 0.555729 0.75787 0.557292 0.746759 0.556771 0.74213 0.549479 0.711111 0.545573 0.704167 0.545052 0.696759
0 0.474479 0.746296 0.471875 0.740741 0.466667 0.733796 0.463021 0.725463 0.459375 0.723148 0.454948 0.723148 0.451302 0.720833 0.448177 0.72037 0.443229 0.721296 0.439323 0.724537 0.435417 0.724074 0.429948 0.728704 0.427344 0.73287 0.423698 0.734259 0.417135 0.727407 0.415156 0.738056 0.413932 0.747731 0.416146 0.747222 0.417187 0.746759 0.41901 0.743519 0.423698 0.741204 0.426563 0.743519 0.433333 0.755093 0.435937 0.756481 0.438021 0.755093 0.438802 0.752315 0.438802 0.738889 0.439583 0.734259 0.441146 0.740278 0.441406 0.753704 0.44349 0.760648 0.454688 0.763426 0.460156 0.763426 0.466406 0.760648 0.472396 0.754167
0 0.439583 0.730556 0.438281 0.739352 0.438802 0.747685 0.4375 0.753704 0.435677 0.756019 0.43151 0.756944 0.427604 0.761111 0.420833 0.774537 0.418229 0.783796 0.414583 0.791667 0.411719 0.814352 0.410365 0.821806 0.413021 0.822222 0.420052 0.824074 0.423438 0.820833 0.426302 0.812963 0.430729 0.806944 0.435937 0.783796 0.441667 0.767593 0.442448 0.760648 0.442448 0.749537 0.441406 0.738889
0 0.365625 0.562963 0.361198 0.564815 0.359635 0.568981 0.358854 0.574074 0.358594 0.587037 0.359635 0.594444 0.361719 0.600463 0.365625 0.6 0.367188 0.594444 0.368229 0.587037 0.36875 0.571759 0.367448 0.565741
