0 0.127344 0.878241 0.12474 0.875 0.122135 0.874537 0.11901 0.875463 0.113021 0.881481 0.107292 0.890741 0.104167 0.898611 0.103385 0.903704 0.103646 0.908796 0.107292 0.911574 0.110156 0.909259 0.114583 0.901852 0.119792 0.890741 0.126562 0.881019
0 0.457552 0.800463 0.454688 0.797685 0.448177 0.79537 0.443229 0.794907 0.439323 0.797685 0.435937 0.803241 0.430469 0.815741 0.426563 0.826852 0.423958 0.82963 0.423177 0.833333 0.421094 0.837037 0.425781 0.839815 0.427344 0.843981 0.427865 0.843981 0.429167 0.838889 0.431771 0.835185 0.435677 0.834259 0.439583 0.831944 0.44401 0.827778 0.453646 0.816204 0.456771 0.809259 0.457813 0.803704
0 0.556771 0.580093 0.552865 0.575463 0.55 0.574074 0.545052 0.575463 0.542448 0.577778 0.536719 0.585648 0.528906 0.602315 0.522917 0.607407 0.524479 0.611574 0.52474 0.614815 0.525521 0.616204 0.532552 0.610185 0.5375 0.609722 0.542188 0.60787 0.548438 0.602778 0.557292 0.587037
0 0.365104 0.416667 0.362318 0.416852 0.367188 0.424074 0.367708 0.427778 0.363542 0.434259 0.36849 0.437037 0.371094 0.442593 0.375 0.447685 0.376302 0.448611 0.378646 0.447685 0.381771 0.441667 0.38151 0.433796 0.378906 0.421296 0.377604 0.419907 0.367708 0.419444
0 0.0403646 0.378241 0.0402865 0.387593 0.0455729 0.393519 0.0523438 0.396759 0.0640625 0.399074 0.0697917 0.403241 0.0721354 0.406019 0.0763021 0.405556 0.0820833 0.399028 0.0760417 0.39213 0.0731771 0.3875 0.0601563 0.373148 0.0528646 0.369907 0.0460938 0.370833 0.0429688 0.373148
0 0.316693 0.726065 0.312786 0.729815 0.309401 0.732639 0.308333 0.738889 0.308594 0.74213 0.309635 0.743519 0.318437 0.740787 0.31987 0.732778
0 0.0580729 0.649074 0.05625 0.649074 0.0549479 0.652778 0.0515625 0.656019 0.0507812 0.658796 0.0447917 0.668981 0.0411458 0.677315 0.0388021 0.690741 0.0395833 0.697685 0.0408854 0.700926 0.0450521 0.700926 0.0473958 0.698148 0.0489583 0.693981 0.0497396 0.690278 0.0505208 0.676852 0.058125 0.661852 0.0583333 0.656481
0 0.865885 0.283796 0.865104 0.283796 0.864844 0.294907 0.863802 0.299537 0.861198 0.303704 0.852604 0.323611 0.851823 0.330556 0.853385 0.336574 0.857552 0.336111 0.861198 0.32963 0.865365 0.317593 0.866667 0.309259 0.867708 0.296296 0.867448 0.287037
0 0.182292 0.741204 0.18151 0.739815 0.180208 0.741667 0.177344 0.742593 0.173698 0.745833 0.170313 0.746296 0.164844 0.749537 0.155469 0.750926 0.150521 0.753241 0.147396 0.756481 0.141927 0.765278 0.139844 0.772685 0.139844 0.776389 0.141406 0.77963 0.144271 0.780556 0.151562 0.780556 0.158854 0.777778 0.161979 0.774537 0.167187 0.766204 0.172656 0.760648 0.175781 0.756019 0.178906 0.753704 0.182812 0.747222
0 0.802604 0.434259 0.800781 0.438426 0.798698 0.452315 0.796615 0.472685 0.796615 0.48287 0.798177 0.489815 0.79974 0.492593 0.802344 0.494907 0.806771 0.49537 0.810417 0.49213 0.811198 0.489815 0.811458 0.481481 0.810156 0.470833 0.809375 0.455093 0.806771 0.44537
0 0.49401 0.718981 0.493229 0.733796 0.495312 0.770833 0.494271 0.788426 0.496094 0.795833 0.496615 0.803241 0.497917 0.810648 0.500521 0.815278 0.503385 0.816204 0.50599 0.814815 0.507552 0.802778 0.508073 0.787963 0.504687 0.758796 0.502083 0.742593 0.501042 0.739352 0.498958 0.736574 0.498177 0.731944
