0 0.115365 0.896759 0.110417 0.904167 0.105208 0.93287 0.105208 0.940278 0.107552 0.971296 0.108333 0.975463 0.111198 0.981019 0.115365 0.981019 0.11901 0.975 0.120313 0.968056 0.121354 0.948611 0.121875 0.905556 0.119271 0.899074
0 0.39401 0.44537 0.393229 0.448148 0.393229 0.456481 0.39401 0.4625 0.399479 0.47963 0.402083 0.483796 0.404427 0.485648 0.405469 0.483333 0.404687 0.459259 0.402604 0.449537 0.397917 0.444907
0 0.328125 0.401852 0.327344 0.406944 0.327604 0.413889 0.33151 0.428241 0.341146 0.44537 0.345573 0.456019 0.35026 0.458333 0.352083 0.461574 0.352344 0.463889 0.355729 0.46713 0.35599 0.460648 0.359115 0.456944 0.359115 0.455556 0.35625 0.448148 0.35651 0.439352 0.354167 0.431481 0.352344 0.420833 0.348958 0.410648 0.345833 0.406019 0.341927 0.402778 0.332031 0.4
0 0.366406 0.38287 0.366406 0.386574 0.367448 0.390278 0.369792 0.393981 0.377083 0.400926 0.389062 0.408333 0.390625 0.411111 0.392708 0.411111 0.392188 0.410648 0.392448 0.406944 0.39375 0.405093 0.396615 0.404167 0.394792 0.400926 0.391667 0.399074 0.38724 0.390278 0.380469 0.37963 0.378125 0.378704 0.369271 0.37963
0 0.901302 0.709722 0.898438 0.705556 0.892969 0.702315 0.88776 0.702778 0.883333 0.705556 0.879427 0.710185 0.872917 0.721759 0.872396 0.724537 0.873958 0.734259 0.875781 0.736574 0.88776 0.734722 0.897135 0.731019 0.901563 0.718981 0.901823 0.7125
0 0.393229 0.925463 0.396094 0.931019 0.400521 0.934259 0.41276 0.935648 0.418229 0.935185 0.424479 0.930556 0.432812 0.928704 0.428646 0.925 0.430469 0.921296 0.433854 0.918981 0.434635 0.914815 0.432031 0.913889 0.427865 0.916667 0.424219 0.91713 0.422917 0.916204 0.421615 0.913426 0.417708 0.911111 0.409375 0.909722 0.400521 0.910185 0.397656 0.9125 0.39375 0.918981
0 0.0674479 0.230556 0.0674479 0.235185 0.0703125 0.241204 0.0799479 0.249074 0.0815104 0.251852 0.0875 0.251852 0.0919271 0.25463 0.0947917 0.255093 0.0992187 0.253241 0.102604 0.256481 0.103906 0.255093 0.102083 0.248148 0.105729 0.244907 0.105729 0.243981 0.100521 0.2375 0.0945312 0.23287 0.0885417 0.226389 0.0815104 0.222685 0.0708333 0.226389 0.0684896 0.228241
0 0.197135 0.480093 0.192708 0.474537 0.189323 0.473611 0.182031 0.476852 0.171354 0.497685 0.169271 0.505093 0.170833 0.508796 0.175 0.511111 0.182552 0.510185 0.189583 0.505556 0.196615 0.49537 0.198437 0.4875
0 0.710938 0.389352 0.710156 0.385648 0.708854 0.383333 0.705469 0.380093 0.698438 0.377778 0.692708 0.378241 0.689583 0.37963 0.679948 0.387037 0.671094 0.395833 0.666927 0.397222 0.66224 0.400926 0.66875 0.401852 0.669531 0.404167 0.666146 0.40787 0.667188 0.409259 0.674219 0.405556 0.676562 0.405556 0.678906 0.407407 0.684896 0.407407 0.689323 0.405556 0.695833 0.40463 0.703906 0.400926 0.707031 0.398148 0.709896 0.393981
0 0.0729167 0.40787 0.0721354 0.411111 0.0723958 0.413426 0.0757812 0.423148 0.0809896 0.432407 0.0885417 0.440278 0.0953125 0.445833 0.0992187 0.447222 0.10599 0.451852 0.10651 0.449537 0.105469 0.445833 0.107031 0.443056 0.110156 0.44213 0.108594 0.438889 0.105729 0.435648 0.105469 0.431944 0.101302 0.427778 0.0997396 0.425 0.0992187 0.422222 0.0929688 0.410648 0.0888021 0.407407 0.0794271 0.405556 0.0742188 0.406019
0 0.61276 0.786574 0.610156 0.779167 0.605729 0.772222 0.603385 0.771296 0.598958 0.772222 0.594271 0.775463 0.589844 0.78287 0.588281 0.789352 0.588281 0.796759 0.589323 0.8 0.591667 0.801852 0.598177 0.802778 0.602344 0.801852 0.607031 0.798148 0.61276 0.789815
0 0.654167 0.261111 0.651042 0.260185 0.64401 0.264352 0.639062 0.268981 0.630208 0.287037 0.627865 0.293056 0.627865 0.296296 0.626302 0.300463 0.619792 0.310648 0.619792 0.315741 0.623177 0.319444 0.626302 0.31713 0.63099 0.307407 0.633594 0.305093 0.636979 0.306019 0.641406 0.296296 0.645312 0.290278 0.647396 0.288426 0.654427 0.274537 0.65599 0.268519 0.65625 0.265278
0 0.224479 0.793981 0.221302 0.795046 0.217969 0.800648 0.219844 0.811898 0.224219 0.821759 0.227083 0.825 0.230469 0.83162 0.23599 0.824583 0.23125 0.818981 0.23125 0.809259 0.229687 0.801852
