0 0.447135 0.762963 0.445833 0.76713 0.445833 0.775 0.447135 0.787037 0.450521 0.796759 0.452005 0.803148 0.457943 0.794907 0.457031 0.792593 0.457031 0.787963 0.45599 0.785648 0.455208 0.781019 0.454948 0.774074 0.453385 0.768981 0.451302 0.764815
0 0.33276 0.557778 0.326042 0.559722 0.322917 0.563426 0.319375 0.563889 0.317526 0.566759 0.316198 0.570787 0.316823 0.573935 0.316667 0.576389 0.31901 0.576389 0.323698 0.573148 0.32474 0.571296 0.331927 0.56375
0 0.122448 0.582037 0.12151 0.586019 0.123229 0.592639 0.12474 0.598796 0.127786 0.605046 0.131042 0.620602 0.134948 0.618194 0.135417 0.601852 0.135677 0.596296 0.13474 0.593194 0.132474 0.584815 0.128281 0.579074 0.125443 0.578194
0 0.626563 0.501852 0.623958 0.503704 0.622656 0.506481 0.622396 0.5125 0.622917 0.516204 0.624479 0.521296 0.626302 0.524537 0.629167 0.525926 0.630859 0.52662 0.633151 0.531157 0.633333 0.527778 0.633594 0.524537 0.636276 0.520463 0.633594 0.512037 0.63099 0.503704
0 0.701823 0.474074 0.70026 0.474537 0.698438 0.478241 0.696615 0.494907 0.696354 0.504167 0.697135 0.506481 0.698698 0.503704 0.69974 0.499074 0.703385 0.492593 0.704427 0.483333 0.704167 0.475463
0 0.361198 0.527315 0.359635 0.531481 0.36276 0.550463 0.365104 0.556944 0.36849 0.563426 0.372031 0.577778 0.374219 0.575926 0.375521 0.578241 0.376563 0.581944 0.377214 0.586574 0.379688 0.592546 0.38099 0.584259 0.382526 0.585602 0.384896 0.589444 0.385 0.584907 0.383594 0.581019 0.382552 0.576852 0.382526 0.567731 0.379948 0.555093 0.378906 0.544444 0.377083 0.5375 0.373958 0.533796 0.369271 0.531944 0.364844 0.527778
0 0.738802 0.698148 0.73724 0.696296 0.733854 0.694907 0.728646 0.695833 0.726562 0.697685 0.721875 0.70463 0.720313 0.710648 0.720052 0.715231 0.715391 0.720231 0.719193 0.727176 0.729167 0.719907 0.733594 0.717593 0.73724 0.712963 0.739297 0.710324 0.740104 0.703704
0 0.161198 0.572685 0.158333 0.568981 0.154167 0.57037 0.145052 0.581019 0.142448 0.585648 0.141927 0.589352 0.141927 0.594907 0.14349 0.600926 0.145573 0.603241 0.150521 0.605093 0.153385 0.603704 0.157031 0.6 0.158594 0.597222 0.159375 0.593981 0.159375 0.585185 0.160677 0.579167
0 0.205469 0.524537 0.203385 0.528241 0.201042 0.536111 0.201042 0.548148 0.202344 0.551852 0.204687 0.55463 0.208073 0.556019 0.211458 0.559259 0.222135 0.559259 0.224583 0.546528 0.230469 0.540741 0.232552 0.53287 0.232552 0.530093 0.228906 0.525926 0.226302 0.520833 0.22474 0.519444 0.211719 0.519444 0.208594 0.520833
0 0.162448 0.611852 0.160755 0.618056 0.161979 0.628704 0.163281 0.636574 0.166146 0.640278 0.169766 0.635602 0.168828 0.63162 0.168646 0.621296 0.166927 0.614491
0 0.158073 0.488889 0.15375 0.491111 0.150807 0.494306 0.150521 0.502315 0.150521 0.506481 0.151302 0.510648 0.15625 0.513426 0.159844 0.517731 0.163333 0.518565 0.169115 0.520741 0.172109 0.517037 0.165182 0.50338 0.16224 0.490741
