0 0.149219 0.525463 0.147917 0.527778 0.147656 0.531481 0.149219 0.545833 0.150781 0.551852 0.151302 0.556944 0.157812 0.566667 0.159896 0.566204 0.161198 0.564352 0.161979 0.559722 0.161979 0.549537 0.161198 0.543056 0.15599 0.533796 0.152604 0.530556 0.150521 0.525463
0 0.885417 0.613889 0.885677 0.618519 0.886979 0.62037 0.888802 0.620833 0.896354 0.627315 0.904167 0.630093 0.910156 0.628704 0.911979 0.627315 0.915885 0.621759 0.917969 0.622685 0.919792 0.625 0.923359 0.625833 0.922917 0.621759 0.921615 0.619907 0.920312 0.615278 0.920573 0.612037 0.922396 0.60787 0.925495 0.601806 0.921615 0.601944 0.919792 0.602778 0.917708 0.605556 0.915625 0.606019 0.910417 0.600463 0.904427 0.598148 0.898958 0.597685 0.89349 0.6 0.888802 0.605093
0 0.253099 0.633287 0.253646 0.65 0.253385 0.657407 0.254167 0.663426 0.255729 0.666667 0.259896 0.667593 0.261458 0.663426 0.259219 0.64537 0.256563 0.634259
0 0.476042 0.919907 0.471354 0.9125 0.465885 0.906019 0.459115 0.902315 0.453125 0.902315 0.443229 0.906944 0.436458 0.912963 0.43151 0.919444 0.423958 0.926852 0.421875 0.930093 0.420052 0.931019 0.41849 0.935648 0.417969 0.940278 0.418229 0.946759 0.419792 0.954167 0.421094 0.955556 0.422135 0.961574 0.420833 0.9625 0.416146 0.962037 0.41224 0.958333 0.411198 0.961574 0.411198 0.969444 0.411979 0.975926 0.414323 0.98287 0.414583 0.986574 0.413542 1 0.459896 1 0.459896 0.996759 0.466667 0.988889 0.46901 0.983796 0.474219 0.975926 0.47526 0.972222 0.477344 0.968981 0.478125 0.957407 0.478646 0.955093 0.480469 0.952778 0.482292 0.940741 0.48099 0.934259 0.478125 0.927778
0 0.236458 0.538426 0.232734 0.533194 0.230703 0.535972 0.232813 0.551852 0.232109 0.564398 0.233594 0.573426 0.235156 0.575324 0.237083 0.574491 0.238464 0.574306 0.240104 0.571528 0.241667 0.566204 0.241667 0.55787 0.240365 0.546759 0.239063 0.542593
0 0.137057 0.55338 0.132734 0.554861 0.140885 0.561111 0.142969 0.566204 0.153906 0.578704 0.158073 0.580556 0.159896 0.580093 0.160938 0.578704 0.161719 0.575463 0.161719 0.569907 0.160938 0.56713 0.15625 0.563889 0.150521 0.55463 0.142708 0.55463 0.133516 0.548287
0 0.158073 0.523611 0.159115 0.531944 0.160938 0.538426 0.160938 0.54537 0.164062 0.564352 0.166146 0.568056 0.167708 0.573611 0.169792 0.577778 0.17474 0.578241 0.175781 0.577315 0.177344 0.573611 0.177344 0.564352 0.176563 0.552315 0.175521 0.548148 0.170573 0.536574 0.166667 0.530556 0.164062 0.528241 0.16224 0.524074
0 0.397005 0.842639 0.399219 0.849537 0.399219 0.858333 0.40026 0.868056 0.404687 0.881481 0.408073 0.885648 0.409635 0.885185 0.410938 0.88287 0.411198 0.873148 0.408333 0.856481 0.401354 0.839491
0 0.27526 0.79213 0.272396 0.801852 0.272917 0.844444 0.273698 0.851852 0.275521 0.860648 0.277083 0.862963 0.279687 0.864352 0.283333 0.862963 0.285417 0.85787 0.284635 0.835185 0.28151 0.80787 0.279427 0.800463
0 0.18151 0.728241 0.180469 0.731019 0.180729 0.739815 0.183594 0.744444 0.185417 0.752778 0.189323 0.75787 0.19375 0.760648 0.197135 0.753241 0.200781 0.750463 0.203385 0.746759 0.202604 0.740278 0.201302 0.736111 0.198437 0.732407 0.197396 0.725463 0.193229 0.727315 0.192448 0.731481 0.189323 0.735185 0.185677 0.734259 0.184115 0.730556
