0 0.00703125 0.190741 0.00572917 0.198148 0.00703125 0.205093 0.00885417 0.208333 0.0106771 0.209722 0.0171875 0.211111 0.0210938 0.210185 0.0221354 0.208796 0.0229167 0.206019 0.0229167 0.203241 0.0221354 0.198611 0.0195312 0.190741 0.0140625 0.186574 0.00963542 0.187037
0 0.5625 0.635185 0.564844 0.642593 0.564063 0.646296 0.56224 0.649537 0.568229 0.65 0.571875 0.654167 0.576302 0.657407 0.580469 0.65787 0.58125 0.656481 0.581771 0.645833 0.58151 0.641667 0.580208 0.636111 0.570573 0.6375 0.568229 0.637037 0.564583 0.634259
0 0.295052 0.592593 0.29401 0.594907 0.293229 0.601389 0.294792 0.609722 0.298958 0.621759 0.304583 0.629583 0.306771 0.625926 0.310156 0.630556 0.31276 0.631019 0.314141 0.634306 0.316406 0.635648 0.313802 0.62963 0.313802 0.628241 0.319661 0.623102 0.31276 0.618519 0.312891 0.611204 0.302083 0.592593 0.299479 0.590741
0 0.54349 0.423148 0.542188 0.425926 0.542969 0.433333 0.545052 0.440278 0.554427 0.455556 0.55651 0.460185 0.560677 0.462963 0.564583 0.456481 0.564844 0.454167 0.563802 0.447685 0.558854 0.433796 0.55599 0.428704 0.552344 0.424537 0.548958 0.422685
0 0.150182 0.561574 0.150417 0.566667 0.152344 0.573148 0.154427 0.578241 0.161458 0.587037 0.165365 0.588889 0.171354 0.598519 0.172135 0.593056 0.174635 0.591852 0.170573 0.581574 0.167344 0.577222 0.163932 0.568056 0.15849 0.561898 0.151823 0.560185
0 0.857812 0.781019 0.853385 0.771759 0.85 0.768519 0.835938 0.768519 0.822135 0.775 0.818229 0.778704 0.816927 0.781019 0.816406 0.788426 0.817708 0.79537 0.821094 0.802315 0.829427 0.810648 0.834115 0.810185 0.841146 0.805556 0.845833 0.804167 0.84974 0.797685 0.852604 0.795833 0.855469 0.79537 0.856771 0.790278
0 0.157292 0.725463 0.157292 0.73287 0.157812 0.734722 0.161198 0.738426 0.165625 0.741204 0.170573 0.741667 0.179193 0.739815 0.180651 0.732685 0.175 0.726389 0.173437 0.72037 0.172396 0.718519 0.170313 0.71713 0.165625 0.716667 0.161198 0.718981 0.158854 0.721296
0 0.121406 0.531019 0.123177 0.537037 0.125521 0.541667 0.132031 0.546759 0.134896 0.550463 0.138802 0.552315 0.144479 0.556806 0.145573 0.55 0.14862 0.547593 0.149974 0.542176 0.138802 0.525 0.134375 0.522222 0.127604 0.524074 0.122604 0.524815
0 0.604167 0.64213 0.603906 0.649537 0.609115 0.663889 0.613542 0.672685 0.615104 0.679167 0.619271 0.678241 0.621615 0.669907 0.619271 0.656019 0.617448 0.650926 0.613802 0.644444 0.609635 0.640741 0.607031 0.639815
0 0.780469 0.843056 0.78151 0.850463 0.788021 0.8625 0.792188 0.867593 0.796875 0.876389 0.798438 0.877778 0.802865 0.877778 0.80651 0.880093 0.811198 0.881481 0.814583 0.878704 0.816927 0.872222 0.817448 0.866667 0.817187 0.859722 0.814583 0.843981 0.811979 0.837963 0.806771 0.832407 0.79974 0.828241 0.794792 0.827778 0.789062 0.829167 0.785156 0.832407
0 0.404167 0.685185 0.403385 0.683796 0.400521 0.682407 0.396354 0.684259 0.39401 0.690741 0.394531 0.698148 0.39974 0.698148 0.404427 0.693056 0.405469 0.690278
0 0.368984 0.743796 0.363385 0.744352 0.359115 0.748611 0.355443 0.758472 0.355964 0.764444 0.359245 0.76463 0.366432 0.758102 0.374349 0.753565 0.375469 0.743426
0 0.770573 0.750463 0.767448 0.749074 0.765885 0.751852 0.763542 0.758333 0.758281 0.770185 0.758854 0.774074 0.757865 0.781667 0.763802 0.778704 0.77125 0.770185 0.771615 0.766944 0.772396 0.762963 0.771615 0.752315
0 0.434115 0.607407 0.431771 0.603704 0.427604 0.603241 0.419792 0.61713 0.418021 0.620093 0.419792 0.623148 0.421979 0.625463 0.43151 0.62037 0.434375 0.614815
0 0.470573 0.616204 0.469792 0.62037 0.470313 0.624537 0.473177 0.628241 0.476042 0.62963 0.477344 0.631481 0.479427 0.64213 0.484115 0.653704 0.49401 0.659722 0.498437 0.656944 0.5 0.65463 0.500781 0.651389 0.500521 0.646296 0.494271 0.630556 0.488021 0.625463 0.479687 0.622685 0.47474 0.616204
0 0.291146 0.616667 0.285964 0.61287 0.285938 0.621296 0.283073 0.626852 0.28099 0.628241 0.279948 0.630093 0.279687 0.636204 0.282813 0.640278 0.286458 0.639352 0.289323 0.635648 0.291406 0.628704 0.291667 0.62037
