0 0.38099 0.600463 0.369271 0.600463 0.369583 0.597685 0.365104 0.596296 0.360938 0.597685 0.35599 0.600926 0.349479 0.609259 0.345052 0.618981 0.342448 0.627315 0.342187 0.635648 0.345313 0.6375 0.347396 0.636574 0.353125 0.62963 0.356771 0.623148 0.365365 0.614815 0.368229 0.613889 0.373177 0.614352 0.377057 0.616435 0.384089 0.604028
0 0.289062 0.729167 0.288021 0.731481 0.288021 0.733333 0.289583 0.738889 0.292708 0.743056 0.297656 0.747222 0.301042 0.752315 0.300885 0.759907 0.307005 0.746991 0.305208 0.738889 0.303125 0.733333 0.298958 0.727778 0.295052 0.726389
0 0.756615 0.820556 0.752448 0.818657 0.743698 0.816806 0.733594 0.825 0.726927 0.832407 0.72099 0.841389 0.726328 0.850602 0.730469 0.846898 0.739766 0.844306 0.748958 0.843519 0.755729 0.837963 0.757083 0.833009 0.758047 0.829352 0.758594 0.826852
0 0.57474 0.667593 0.573438 0.673148 0.573177 0.677778 0.574219 0.681481 0.578125 0.688426 0.582031 0.693056 0.586979 0.696296 0.591927 0.696296 0.59349 0.693981 0.59401 0.689352 0.593229 0.685185 0.586458 0.674537 0.576302 0.665741
0 0.47474 0.608796 0.470833 0.610648 0.46849 0.618519 0.467969 0.627315 0.468229 0.630093 0.469531 0.63287 0.47474 0.63287 0.477865 0.629167 0.480469 0.624074 0.480469 0.62037
0 0.161042 0.702685 0.160833 0.696111 0.154167 0.701944 0.155729 0.705093 0.154427 0.7125 0.155729 0.721759 0.157292 0.725463 0.1625 0.726852 0.165885 0.722222 0.167135 0.711667 0.16651 0.705
0 0.410156 0.928704 0.41112 0.933565 0.414375 0.934167 0.416667 0.935648 0.419792 0.9375 0.423958 0.9375 0.438542 0.931019 0.440625 0.929167 0.441406 0.926852 0.440104 0.924537 0.435417 0.921759 0.43151 0.918056 0.428646 0.916667 0.422917 0.916204 0.419531 0.91713 0.414583 0.921296 0.410677 0.925926
0 0.230469 0.83625 0.232031 0.843981 0.234896 0.851389 0.240104 0.856481 0.244531 0.856481 0.246615 0.852315 0.246094 0.843056 0.245573 0.836111 0.244271 0.832407 0.241927 0.831481 0.236979 0.831944 0.233776 0.829306
0 0.171875 0.731944 0.171094 0.725463 0.166146 0.721111 0.161979 0.72037 0.153854 0.724167 0.149479 0.724074 0.146094 0.722083 0.146354 0.733333 0.15026 0.735648 0.154427 0.736111 0.161458 0.738889 0.166146 0.738889 0.169792 0.736111
0 0.607552 0.887037 0.605208 0.892593 0.602865 0.894907 0.600521 0.899074 0.598333 0.911111 0.600833 0.916759 0.603125 0.916204 0.608073 0.913889 0.609219 0.906944 0.611563 0.898704 0.608073 0.89213
0 0.210781 0.802917 0.208698 0.796852 0.205729 0.792593 0.203646 0.790278 0.200781 0.789352 0.192188 0.793519 0.185339 0.791991 0.183151 0.796852 0.19 0.804583 0.195208 0.8075 0.206328 0.807454 0.210417 0.806759
