0 0.132812 0.393519 0.133073 0.400926 0.134635 0.403704 0.138542 0.405556 0.142969 0.406019 0.146354 0.40463 0.15276 0.395926 0.149219 0.39213 0.146354 0.3875 0.14375 0.385185 0.138542 0.384722 0.135677 0.386111 0.133854 0.388889
0 0.2 0.39213 0.201042 0.396759 0.204427 0.398611 0.210938 0.398148 0.2125 0.395833 0.213021 0.393056 0.210417 0.3875 0.208333 0.385185 0.20599 0.384722 0.202083 0.385185 0.201302 0.386111
0 0.231771 0.364352 0.229948 0.36713 0.228906 0.370833 0.229948 0.376852 0.232292 0.381481 0.236458 0.37963 0.238021 0.373148 0.238021 0.37037 0.236719 0.365278 0.235937 0.364352
0 0.260937 0.308796 0.260156 0.316667 0.263021 0.322222 0.267188 0.325 0.272396 0.323148 0.273438 0.315741 0.269271 0.308796 0.264062 0.305556 0.261979 0.306944
0 0.95651 0.593519 0.953646 0.59213 0.949479 0.59213 0.946615 0.593519 0.944792 0.597222 0.942969 0.606944 0.942969 0.614815 0.947135 0.622685 0.951042 0.621759 0.952604 0.619444 0.959375 0.614352 0.959896 0.610185 0.959635 0.601389 0.959115 0.598148
0 0.540625 0.593519 0.540104 0.600926 0.540885 0.603704 0.544792 0.610185 0.548438 0.6125 0.562995 0.609583 0.566146 0.615093 0.566693 0.60787 0.567187 0.603241 0.567969 0.600463 0.562448 0.602639 0.55651 0.591667 0.553125 0.588889 0.54974 0.587963 0.544792 0.588426
0 0.21276 0.253241 0.21276 0.260648 0.214583 0.263889 0.216667 0.265741 0.220573 0.26713 0.222656 0.264352 0.223438 0.258796 0.222396 0.253241 0.217448 0.25 0.216406 0.25
0 0.0799479 0.280093 0.0802083 0.281944 0.0841146 0.285185 0.0914062 0.287037 0.103646 0.285185 0.10599 0.281944 0.105729 0.27963 0.104427 0.277315 0.100781 0.273611 0.0958333 0.27037 0.0893229 0.268519 0.0830729 0.269444 0.0815104 0.272222
0 0.30599 0.350926 0.301042 0.356435 0.302083 0.364815 0.306771 0.371296 0.313021 0.371296 0.315833 0.372685 0.317943 0.368843 0.314323 0.361574 0.31276 0.355093 0.310417 0.351852 0.307031 0.350463
0 0.407474 0.53213 0.408385 0.535648 0.415365 0.543056 0.420573 0.543056 0.427865 0.541204 0.429427 0.538426 0.431094 0.533889 0.427604 0.531019 0.420312 0.525926 0.415104 0.525926
0 0.351302 0.404167 0.351042 0.406481 0.352344 0.413426 0.357292 0.415741 0.366146 0.414537 0.364063 0.406019 0.361198 0.401389 0.357552 0.399537 0.352604 0.401389
0 0.334896 0.544444 0.33776 0.55 0.346094 0.554167 0.350781 0.555093 0.352865 0.554167 0.353906 0.552315 0.353125 0.544907 0.34974 0.540278 0.346094 0.537037 0.341406 0.5375 0.336719 0.540278 0.335417 0.54213
0 0.328385 0.403704 0.326302 0.406944 0.32526 0.414352 0.326042 0.417593 0.327083 0.419444 0.329688 0.421296 0.333854 0.420833 0.335938 0.413426 0.335156 0.40787 0.333073 0.403704 0.33125 0.402778
0 0.151302 0.198611 0.151042 0.205093 0.152865 0.207407 0.158594 0.207407 0.160938 0.205093 0.161458 0.197685 0.158854 0.194444 0.153906 0.194444
0 0.0919271 0.1875 0.0916667 0.191667 0.0950521 0.196759 0.0994792 0.199074 0.105729 0.199074 0.108073 0.198148 0.10651 0.190741 0.104688 0.189815 0.100521 0.185185 0.0942708 0.184722
0 0.220312 0.237037 0.219271 0.241667 0.219271 0.246759 0.220573 0.25 0.228646 0.251852 0.230208 0.250463 0.231771 0.247222 0.230469 0.239352 0.228385 0.236574 0.223958 0.233796
0 0.240365 0.441204 0.239844 0.448148 0.245052 0.457407 0.251042 0.462037 0.255729 0.463889 0.264844 0.463889 0.275521 0.459259 0.278646 0.464352 0.281354 0.467546 0.283333 0.466204 0.284115 0.456481 0.283854 0.447685 0.282292 0.447685 0.279427 0.450463 0.275521 0.451389 0.272135 0.447685 0.26849 0.441667 0.263802 0.436574 0.25599 0.431019 0.248177 0.431481 0.245833 0.43287
0 0.592187 0.833472 0.58974 0.828565 0.585078 0.829722 0.585026 0.837037 0.58776 0.843519 0.591927 0.843056
