0 0.202865 0.565278 0.202865 0.566667 0.205729 0.573148 0.211979 0.575926 0.217188 0.575463 0.220833 0.573148 0.22724 0.57412 0.226641 0.571111 0.229063 0.567083 0.220573 0.563889 0.214062 0.560648 0.208073 0.561111 0.205208 0.5625
0 0.296458 0.585694 0.295234 0.591944 0.302604 0.590741 0.302266 0.596713 0.314323 0.597222 0.321875 0.600926 0.326823 0.6 0.328646 0.597685 0.329427 0.594907 0.328646 0.590278 0.325781 0.586111 0.324479 0.578704 0.321875 0.574074 0.309896 0.574074 0.307812 0.575926 0.30651 0.580556 0.295339 0.577639
0 0.538281 0.861111 0.538021 0.865741 0.539062 0.869444 0.547135 0.880093 0.552057 0.882083 0.557682 0.877269 0.552604 0.871759 0.545573 0.858333 0.540885 0.858333
0 0.442969 0.868981 0.440885 0.865278 0.435677 0.862963 0.432031 0.864352 0.428646 0.86713 0.425781 0.871296 0.42474 0.878704 0.425521 0.880556 0.428385 0.882407 0.439583 0.883796 0.44349 0.878704
0 0.241406 0.638889 0.241146 0.642593 0.244271 0.648611 0.247656 0.651852 0.255729 0.655093 0.26276 0.656944 0.266771 0.656806 0.267135 0.650093 0.259635 0.644907 0.255469 0.637963 0.253906 0.636574 0.248958 0.634722 0.24349 0.635185
0 0.134896 0.64213 0.132578 0.650417 0.138542 0.6625 0.142448 0.664352 0.146354 0.668519 0.148177 0.668981 0.155964 0.677176 0.161354 0.669954 0.155469 0.661574 0.153906 0.653241 0.14974 0.643981 0.147135 0.642593 0.142448 0.64213 0.139063 0.639815 0.136719 0.640278
0 0.290495 0.583889 0.276302 0.581944 0.271875 0.58287 0.263542 0.593519 0.263542 0.600926 0.267188 0.603704 0.271615 0.602778 0.279687 0.597685 0.290104 0.593009
0 0.227604 0.529167 0.227083 0.531944 0.228385 0.538426 0.235937 0.548611 0.248203 0.562593 0.249375 0.558519 0.254531 0.558704 0.245573 0.5375 0.240104 0.528241 0.236979 0.526852 0.23151 0.526389 0.228646 0.527315
0 0.327865 0.649074 0.326562 0.656481 0.330469 0.663889 0.341667 0.676389 0.344844 0.679769 0.346146 0.675417 0.348411 0.673704 0.341146 0.655556 0.333594 0.647685 0.329688 0.647222
0 0.201823 0.620833 0.202083 0.629167 0.204948 0.636111 0.21276 0.639815 0.216667 0.640278 0.217188 0.642593 0.219792 0.644907 0.220833 0.648611 0.222734 0.6525 0.225781 0.645833 0.228984 0.638519 0.219271 0.628241 0.218229 0.620833 0.216406 0.618056 0.213281 0.616204 0.208073 0.615278 0.204427 0.61713
0 0.322708 0.913843 0.320573 0.911157 0.318229 0.913889 0.315807 0.925833 0.311719 0.937824 0.31625 0.93662 0.321198 0.925046
