0 0.147187 0.697639 0.145313 0.702222 0.145573 0.710648 0.146354 0.720833 0.147656 0.725463 0.14974 0.728704 0.152812 0.74088 0.158464 0.735231 0.156068 0.72588 0.155182 0.714167 0.154766 0.708426 0.153125 0.701852 0.151302 0.700463
0 0.252865 0.509815 0.250521 0.516019 0.251328 0.522037 0.252474 0.529398 0.259896 0.530556 0.263542 0.533333 0.267969 0.533333 0.273698 0.52963 0.273958 0.524074 0.271094 0.518056 0.267448 0.514815 0.259896 0.512037 0.255469 0.512037
0 0.165938 0.654676 0.164062 0.662685 0.166901 0.671528 0.16849 0.677778 0.169792 0.682407 0.174427 0.690787 0.180026 0.69588 0.185573 0.692222 0.181458 0.683796 0.182031 0.679167 0.180469 0.662037 0.177604 0.656019 0.170937 0.651944
0 0.51901 0.593519 0.519271 0.600926 0.521875 0.608333 0.525521 0.614352 0.530469 0.619907 0.539453 0.633519 0.542448 0.632407 0.544531 0.636574 0.548073 0.645093 0.549557 0.638194 0.553854 0.641019 0.553099 0.635556 0.550521 0.630556 0.546094 0.61713 0.535937 0.597685 0.531771 0.593519 0.523958 0.590278 0.521094 0.590278
0 0.590104 0.712963 0.58776 0.712037 0.584635 0.716204 0.584115 0.718519 0.581771 0.722685 0.580208 0.729167 0.575521 0.736574 0.574479 0.739352 0.57526 0.741204 0.580208 0.744444 0.584115 0.74213 0.589844 0.735185 0.590885 0.731481 0.591406 0.725926 0.591406 0.716667
0 0.611198 0.765741 0.610938 0.768056 0.611719 0.774074 0.616146 0.781481 0.626302 0.788426 0.635859 0.791528 0.638542 0.792593 0.646615 0.79537 0.644661 0.792037 0.643464 0.788565 0.647109 0.78625 0.639557 0.781528 0.640182 0.778611 0.627604 0.765741 0.616172 0.761944
0 0.817422 0.766389 0.815911 0.777269 0.812266 0.788056 0.815885 0.788889 0.817448 0.799537 0.820312 0.809259 0.825781 0.814352 0.827865 0.813889 0.830469 0.812037 0.832031 0.809259 0.832552 0.801389 0.83125 0.787963 0.828646 0.776852 0.826562 0.773148 0.823438 0.77037
0 0.272135 0.776852 0.26901 0.775463 0.263802 0.776852 0.259635 0.786574 0.259896 0.796759 0.260677 0.799537 0.263542 0.803704 0.268229 0.799537 0.271354 0.792593 0.273438 0.781944 0.273177 0.779167
0 0.94349 0.922222 0.939323 0.922222 0.93724 0.926389 0.928125 0.941157 0.927865 0.930556 0.927031 0.924444 0.92138 0.923611 0.910937 0.93287 0.908073 0.9375 0.904323 0.940185 0.900781 0.946296 0.896094 0.952778 0.891927 0.963426 0.888802 0.981019 0.889323 0.989815 0.888021 0.99537 0.888021 1 0.919531 1 0.919792 0.996296 0.928125 0.987037 0.932813 0.980093 0.933854 0.975 0.930729 0.961574 0.931771 0.959722 0.934115 0.958796 0.940104 0.959722 0.94401 0.95463 0.945312 0.948611 0.94349 0.941667 0.944792 0.931944 0.944792 0.925926
0 0.133255 0.713704 0.133333 0.721019 0.134271 0.726806 0.134635 0.728241 0.13776 0.738426 0.141615 0.747454 0.145547 0.742917 0.142969 0.733796 0.14401 0.726389 0.139089 0.715
