0 0.136406 0.679074 0.136016 0.692963 0.14099 0.710463 0.147995 0.725046 0.15237 0.714167 0.147396 0.69537 0.146615 0.685648 0.145313 0.681481 0.141615 0.678704
0 0.302604 0.867593 0.302344 0.875 0.303125 0.878704 0.310417 0.88287 0.319531 0.883796 0.322396 0.882407 0.325833 0.883426 0.328385 0.87588 0.320573 0.864815 0.314583 0.860648 0.310417 0.861111 0.304167 0.864352
0 0.401068 0.793981 0.399974 0.802778 0.404766 0.811065 0.411979 0.814352 0.426042 0.819398 0.427474 0.809861 0.420052 0.807407 0.418229 0.803704 0.41276 0.796296 0.409896 0.790278 0.407552 0.788889 0.40599 0.789352
0 0.224219 0.850463 0.224479 0.865741 0.223958 0.871296 0.21901 0.89213 0.216927 0.906019 0.21875 0.912963 0.220052 0.914815 0.22526 0.915741 0.236198 0.914352 0.240104 0.916667 0.245833 0.91713 0.248177 0.916204 0.249479 0.914352 0.253385 0.905556 0.255469 0.903704 0.256771 0.903704 0.258333 0.905556 0.2625 0.914815 0.267708 0.919444 0.273958 0.905556 0.277865 0.899537 0.277083 0.89213 0.267708 0.888426 0.265365 0.885648 0.271094 0.875926 0.272135 0.871759 0.272656 0.863889 0.270573 0.856944 0.26276 0.847222 0.251823 0.841667 0.24349 0.841204 0.2375 0.84213 0.226302 0.847222
0 0.57474 0.737037 0.572396 0.732407 0.569271 0.732546 0.564323 0.73287 0.560417 0.7375 0.55362 0.743472 0.548724 0.749676 0.55026 0.753704 0.552083 0.755556 0.555312 0.758565 0.564844 0.75463 0.571354 0.746759 0.575 0.739815
0 0.440625 0.627778 0.440885 0.631944 0.44349 0.639815 0.444271 0.644907 0.446615 0.649537 0.451562 0.649537 0.454688 0.652315 0.459635 0.652315 0.466927 0.649537 0.466927 0.645833 0.464583 0.640278 0.464323 0.635185 0.458594 0.628241 0.455208 0.625463 0.45 0.623148 0.446615 0.623148 0.442969 0.624537
0 0.863802 0.406481 0.86224 0.407407 0.861719 0.408796 0.861458 0.419907 0.859896 0.424074 0.859635 0.427778 0.860677 0.433796 0.861198 0.45 0.865365 0.451389 0.867448 0.447685 0.869271 0.441204 0.869271 0.419444 0.867969 0.409722 0.865625 0.406481
0 0.591667 0.82963 0.588021 0.826852 0.583333 0.825926 0.580208 0.826852 0.575781 0.830556 0.572057 0.836574 0.571901 0.852917 0.576042 0.858796 0.580469 0.855556 0.584115 0.855093 0.585677 0.853241 0.586198 0.850926 0.586198 0.843519 0.58776 0.834722
0 0.860938 0.857407 0.858594 0.850463 0.852344 0.843519 0.848698 0.839861 0.844792 0.837315 0.841667 0.838472 0.833984 0.840833 0.825391 0.846852 0.824219 0.87963 0.826042 0.885648 0.829427 0.881944 0.83099 0.878241 0.838021 0.868519 0.854427 0.866667 0.857031 0.868056 0.859115 0.867593 0.860677 0.864815
0 0.467604 0.856481 0.463281 0.853704 0.458854 0.853241 0.452604 0.860185 0.451042 0.862963 0.45 0.870833 0.450521 0.880093 0.451302 0.881019 0.45599 0.879167 0.459635 0.876389 0.468438 0.867639
