0 0.946172 0.891111 0.946094 0.897222 0.945833 0.912037 0.944271 0.924074 0.944271 0.93287 0.945573 0.943056 0.945833 0.955093 0.946875 0.961111 0.948438 0.963889 0.955208 0.968981 0.959896 0.968981 0.963542 0.96713 0.965625 0.962963 0.965365 0.951389 0.965885 0.939815 0.957682 0.920463 0.960703 0.911157 0.957839 0.905046 0.958542 0.898657 0.958203 0.89 0.950833 0.899306
0 0.281771 0.741713 0.279167 0.741667 0.268385 0.747222 0.265313 0.752593 0.26263 0.756944 0.260234 0.762176 0.260391 0.766435 0.264062 0.766806 0.267604 0.765741 0.270573 0.7625 0.272917 0.760648 0.277865 0.753241 0.283281 0.745093
0 0.257057 0.581574 0.258177 0.584954 0.257656 0.58787 0.26849 0.591667 0.271354 0.594907 0.275781 0.595833 0.27862 0.59375 0.278125 0.586574 0.27474 0.577315 0.272656 0.575463 0.267708 0.573611 0.259922 0.575093 0.261536 0.577269
0 0.659427 0.600185 0.662031 0.591528 0.659062 0.592315 0.654167 0.598148 0.646354 0.598148 0.640365 0.600463 0.636198 0.60463 0.633333 0.608796 0.631771 0.613426 0.631771 0.624074 0.634896 0.627778 0.640365 0.628704 0.642708 0.627778 0.64974 0.621759 0.654167 0.614352 0.654948 0.611111 0.65625 0.608796 0.657813 0.60787 0.662526 0.603796
0 0.52474 0.891204 0.524219 0.89213 0.52474 0.899537 0.526823 0.905556 0.529948 0.921759 0.533073 0.928704 0.537214 0.929907 0.536198 0.90787 0.534635 0.894444 0.533333 0.891204 0.532031 0.890278 0.528906 0.889815
0 0.52612 0.87162 0.525156 0.87875 0.528854 0.881713 0.531953 0.887176 0.535937 0.892685 0.539583 0.893519 0.542188 0.89213 0.542708 0.885185 0.541146 0.877315 0.538542 0.875 0.533594 0.872685 0.529167 0.872222
0 0.407813 0.854167 0.405469 0.857407 0.404922 0.86412 0.407552 0.866667 0.409375 0.87037 0.409635 0.874537 0.409609 0.879306 0.411198 0.885648 0.4125 0.886574 0.415208 0.879213 0.415104 0.873148 0.416146 0.864815 0.411797 0.858148 0.41112 0.861157
0 0.330729 0.819444 0.325781 0.819444 0.320052 0.822685 0.318229 0.825 0.316927 0.82963 0.316146 0.843981 0.31849 0.848611 0.321354 0.851389 0.326823 0.851852 0.330208 0.850926 0.329427 0.837037 0.330208 0.835648 0.331979 0.835556 0.337891 0.83537 0.333594 0.831944 0.333594 0.82963 0.332552 0.827315 0.332031 0.821759
0 0.453125 0.575 0.451042 0.574537 0.447396 0.580093 0.446615 0.58287 0.445312 0.591667 0.445312 0.598611 0.447969 0.60375 0.451328 0.60412 0.453672 0.59875 0.454766 0.59463 0.455208 0.580556 0.454688 0.576852
0 0.333854 0.729167 0.332552 0.73287 0.332292 0.738889 0.332813 0.753704 0.335495 0.76125 0.336979 0.767593 0.338438 0.770741 0.341302 0.766806 0.341927 0.761574 0.342214 0.75162 0.340885 0.738426 0.338281 0.731944 0.336458 0.730093
0 0.25625 0.842593 0.25651 0.844444 0.259896 0.848148 0.266146 0.850926 0.28138 0.848843 0.281823 0.844861 0.275781 0.836111 0.268229 0.830556 0.257292 0.836111
0 0.131771 0.587037 0.130729 0.588889 0.130208 0.592593 0.131042 0.605093 0.131745 0.611898 0.136641 0.618889 0.139714 0.624306 0.142786 0.621204 0.141432 0.61375 0.142969 0.599537 0.142187 0.593056 0.140365 0.589815 0.134896 0.585648
0 0.833073 0.72963 0.828385 0.732407 0.825521 0.739352 0.824219 0.746296 0.824219 0.75463 0.826042 0.7625 0.828385 0.766204 0.832292 0.768981 0.834375 0.768981 0.838021 0.763426 0.840625 0.74213 0.840104 0.73287 0.838021 0.730093
