0 0.470573 0.781481 0.469271 0.788426 0.471354 0.796759 0.473958 0.801852 0.48125 0.810648 0.482292 0.812963 0.486458 0.817593 0.489844 0.819444 0.493229 0.818981 0.499219 0.816204 0.496875 0.808796 0.492708 0.805093 0.488281 0.794907 0.47474 0.781481
0 0.47526 0.53287 0.473698 0.536111 0.473438 0.539815 0.475781 0.553704 0.477344 0.556944 0.480469 0.560185 0.484115 0.566204 0.486458 0.567593 0.486979 0.555093 0.489844 0.544907 0.486979 0.539352 0.485677 0.534259 0.482812 0.531019 0.478125 0.531019
0 0.728646 0.643981 0.727604 0.644907 0.716667 0.646296 0.713021 0.650463 0.704427 0.664815 0.703385 0.67037 0.704688 0.674537 0.709375 0.677315 0.714323 0.677315 0.716146 0.675463 0.71862 0.672685 0.721901 0.666157 0.731094 0.655602
0 0.811979 0.402778 0.810417 0.405556 0.811719 0.418981 0.815625 0.428704 0.821875 0.440278 0.826042 0.444907 0.830469 0.44537 0.832552 0.441204 0.832292 0.43287 0.828646 0.419907 0.818229 0.404167 0.814844 0.400926
0 0.13349 0.551574 0.130469 0.555 0.130365 0.563241 0.132031 0.569444 0.139375 0.579167 0.145599 0.573611 0.139375 0.56463 0.136198 0.555093 0.135156 0.553241
0 0.102057 0.533796 0.108854 0.534722 0.109375 0.538426 0.111979 0.543056 0.11901 0.549537 0.122917 0.551389 0.127344 0.550463 0.133333 0.546759 0.13362 0.54463 0.132891 0.539074 0.131641 0.535972 0.129583 0.530833 0.11849 0.526852 0.114583 0.527778 0.111458 0.530093 0.108594 0.52963 0.103828 0.524583
0 0.846094 0.793981 0.84401 0.790741 0.839557 0.79037 0.834036 0.79037 0.830651 0.791852 0.826589 0.794954 0.819323 0.795926 0.813542 0.801852 0.814063 0.809722 0.816927 0.816204 0.821875 0.823148 0.826042 0.825926 0.833594 0.828704 0.842969 0.82963 0.844531 0.828241 0.845573 0.823611 0.847135 0.802778
0 0.366927 0.593519 0.366406 0.600926 0.36901 0.606944 0.376823 0.613426 0.379688 0.611574 0.380729 0.609722 0.381771 0.60463 0.383854 0.600926 0.383854 0.593519 0.382552 0.592593 0.38099 0.589352 0.378125 0.5875 0.376302 0.5875 0.373177 0.590278
0 0.572396 0.740741 0.56875 0.746296 0.565703 0.752546 0.567187 0.760648 0.568229 0.764815 0.570651 0.770648 0.573698 0.759722 0.574219 0.745833 0.573438 0.74213
0 0.682552 0.850926 0.682031 0.85787 0.684115 0.863426 0.685677 0.87037 0.68776 0.874537 0.689583 0.876852 0.693229 0.879167 0.696615 0.885648 0.702604 0.892593 0.705469 0.893519 0.709115 0.891667 0.710938 0.885185 0.711198 0.877778 0.710156 0.870833 0.704948 0.858333 0.700781 0.854167 0.691146 0.85
0 0.291146 0.475 0.286979 0.475463 0.285417 0.478704 0.283646 0.479444 0.280573 0.483796 0.279167 0.4875 0.277865 0.493519 0.277135 0.497222 0.276302 0.5 0.27526 0.503241 0.27526 0.506481 0.276042 0.508796 0.277604 0.509722 0.279687 0.509259 0.280469 0.506389 0.28151 0.492593 0.285677 0.486111 0.289062 0.489352 0.288021 0.481944 0.291146 0.477778
0 0.303906 0.724074 0.300885 0.726296 0.30651 0.743981 0.308073 0.746759 0.309896 0.747685 0.322135 0.766204 0.326042 0.77037 0.33099 0.771296 0.338281 0.771296 0.340104 0.768519 0.341927 0.759722 0.336719 0.746296 0.332031 0.739352 0.325 0.732407 0.319531 0.729167 0.317188 0.725463 0.314583 0.723148 0.309896 0.723611 0.305052 0.719074
