0 0.168932 0.429259 0.169531 0.436574 0.171094 0.443981 0.173437 0.447685 0.186458 0.458796 0.193307 0.466065 0.201172 0.466759 0.206719 0.46213 0.202604 0.455556 0.201563 0.452778 0.194531 0.44213 0.191927 0.436574 0.189323 0.433333 0.185938 0.431019 0.177865 0.427407 0.17526 0.427778 0.171875 0.427778
0 0.447135 0.667593 0.446875 0.677778 0.447917 0.681019 0.45 0.683796 0.455729 0.6875 0.459896 0.688426 0.463542 0.685648 0.47138 0.683889 0.470833 0.67963 0.47362 0.67463 0.46849 0.674537 0.466146 0.669907 0.459115 0.661111 0.454427 0.660648 0.448698 0.664352
0 0.142187 0.54537 0.140104 0.549074 0.139583 0.559722 0.141927 0.564815 0.147135 0.570556 0.150078 0.565694 0.148177 0.561574 0.148177 0.557407 0.146615 0.546296
0 0.741667 0.623148 0.739583 0.623148 0.73776 0.627315 0.736198 0.639352 0.732031 0.652315 0.729974 0.657269 0.732474 0.661944 0.734323 0.658657 0.735286 0.656065 0.736328 0.657546 0.73776 0.650926 0.740365 0.648611 0.744271 0.643056 0.744375 0.641713 0.744792 0.640278 0.744792 0.636574 0.743229 0.625926
0 0.211458 0.776389 0.210938 0.774074 0.20651 0.769444 0.201563 0.768981 0.191146 0.775 0.185182 0.775231 0.184036 0.780139 0.172422 0.778287 0.173672 0.793009 0.18151 0.790278 0.185417 0.791204 0.190104 0.795833 0.197917 0.797222 0.201823 0.794444 0.208854 0.786574 0.211719 0.781481
0 0.177604 0.505556 0.176563 0.509259 0.177083 0.51713 0.180208 0.523611 0.185156 0.529167 0.188021 0.530093 0.191224 0.538333 0.194401 0.531898 0.190391 0.525139 0.188802 0.514352 0.185677 0.505093 0.183073 0.503241 0.180469 0.503241
0 0.542188 0.85 0.541667 0.85787 0.542708 0.863426 0.548438 0.871759 0.553125 0.875463 0.560417 0.878241 0.564583 0.876852 0.565885 0.874074 0.568906 0.872361 0.564323 0.864352 0.557552 0.849074 0.555208 0.84537 0.552865 0.843519 0.548177 0.844444 0.54375 0.847222
0 0.430469 0.189815 0.431771 0.198148 0.434375 0.203241 0.438281 0.206481 0.44375 0.208333 0.453125 0.209722 0.466901 0.210185 0.467708 0.202778 0.471172 0.201806 0.465365 0.196759 0.459375 0.192593 0.45651 0.187037 0.451042 0.180093 0.447656 0.176852 0.44349 0.175463 0.439583 0.177778 0.433073 0.183796 0.43125 0.186574
0 0.829948 0.76713 0.830729 0.781944 0.8375 0.803704 0.841927 0.806019 0.844271 0.801852 0.847135 0.788889 0.846094 0.774769 0.841224 0.768843 0.835156 0.766111
0 0.228646 0.663426 0.227083 0.669907 0.227344 0.678241 0.228646 0.684722 0.236198 0.698148 0.239844 0.7 0.244036 0.697176 0.242708 0.690741 0.240625 0.674074 0.239583 0.669907 0.235937 0.663889 0.233333 0.6625
0 0.276562 0.362037 0.276302 0.366204 0.276823 0.369907 0.279167 0.376389 0.286719 0.384259 0.295312 0.388426 0.29776 0.391343 0.297917 0.385231 0.301432 0.382222 0.296302 0.378148 0.297396 0.374769 0.292187 0.365741 0.288281 0.360185 0.283854 0.358796 0.278906 0.359259
0 0.438021 0.550463 0.435417 0.552778 0.434375 0.558796 0.434115 0.567593 0.435417 0.575 0.438542 0.580741 0.44276 0.582037 0.440104 0.572685 0.447396 0.562037 0.448177 0.558333 0.447396 0.55463 0.446354 0.553241 0.440625 0.550463
0 0.602083 0.531019 0.602865 0.5375 0.607031 0.548611 0.611979 0.55463 0.614844 0.559722 0.618073 0.566065 0.620313 0.564352 0.623958 0.568056 0.625078 0.57 0.62625 0.572037 0.62974 0.577361 0.629167 0.568519 0.630469 0.566204 0.635156 0.566204 0.634896 0.564352 0.632812 0.562454 0.627812 0.558472 0.625391 0.554444 0.626615 0.55037 0.624479 0.54537 0.616146 0.531019 0.610938 0.527778 0.607552 0.527315 0.603385 0.528704
