0 0.28151 0.712037 0.278906 0.711574 0.276562 0.714815 0.273177 0.732407 0.273698 0.75463 0.27526 0.759259 0.277083 0.758333 0.278385 0.756019 0.283854 0.73287 0.284115 0.718519 0.282813 0.713426
0 0.33776 0.446296 0.335417 0.448611 0.334896 0.455556 0.338021 0.459259 0.339844 0.457407 0.340885 0.454167 0.339323 0.448148
0 0.310417 0.402778 0.308594 0.406019 0.309115 0.413426 0.313021 0.415741 0.315104 0.415741 0.317188 0.413426 0.317188 0.405556 0.314844 0.401852
0 0.484635 0.647176 0.486172 0.657454 0.488229 0.660787 0.49 0.662639 0.493021 0.663426 0.494531 0.656481 0.494557 0.652037 0.491901 0.647361 0.487526 0.646759
0 0.253125 0.351852 0.252344 0.35787 0.255729 0.3625 0.259635 0.365278 0.2625 0.364815 0.263542 0.363426 0.266302 0.358519 0.261979 0.350926 0.259896 0.349537 0.253906 0.350463
0 0.527344 0.801852 0.525521 0.800463 0.521354 0.800463 0.520052 0.801852 0.516927 0.808796 0.517448 0.814815 0.525521 0.813426 0.526823 0.809259
0 0.732292 0.572685 0.738281 0.573148 0.740104 0.571759 0.74401 0.573611 0.747135 0.577315 0.759115 0.5875 0.767448 0.591667 0.772135 0.591667 0.780729 0.587037 0.783854 0.584259 0.786719 0.580093 0.7875 0.574537 0.78724 0.572222 0.767448 0.55463 0.756771 0.553704 0.751563 0.555556 0.747917 0.558796 0.74401 0.559259 0.740365 0.555093 0.738542 0.55463 0.738021 0.551852 0.736458 0.550926 0.735156 0.552315 0.7375 0.558333 0.736719 0.567593 0.735156 0.571296
0 0.208333 0.364352 0.208333 0.371759 0.211458 0.376389 0.217448 0.377315 0.220833 0.374537 0.220833 0.368056 0.21901 0.363889 0.217448 0.3625 0.211979 0.3625
0 0.540833 0.766852 0.536198 0.763426 0.53276 0.766759 0.532266 0.774537 0.535417 0.777778 0.53724 0.779167 0.539531 0.7775 0.540651 0.771759
0 0.361198 0.427315 0.360417 0.435648 0.36224 0.441204 0.369531 0.443519 0.371615 0.441204 0.371615 0.433796 0.366667 0.425463 0.364583 0.424074 0.36224 0.425463
