0 0.326042 0.996296 0.326042 1 0.403906 1 0.403906 0.996759 0.408333 0.990278 0.408594 0.975463 0.404427 0.962037 0.397917 0.950926 0.397135 0.948148 0.392448 0.940741 0.386458 0.933796 0.375781 0.926852 0.367708 0.925463 0.356771 0.925926 0.34974 0.929167 0.34375 0.933796 0.333854 0.943981 0.333073 0.949074 0.334635 0.959722 0.334635 0.971296 0.334115 0.975463 0.33125 0.986111 0.329167 0.991204
0 0.196745 0.614352 0.201406 0.617407 0.202865 0.624537 0.207813 0.628704 0.21224 0.631019 0.216927 0.631019 0.220052 0.626852 0.220833 0.622222 0.220052 0.617593 0.21875 0.615278 0.216406 0.613889 0.209635 0.612037 0.204427 0.6125 0.200573 0.601389
0 0.369271 0.298611 0.365365 0.300463 0.359115 0.314815 0.358594 0.318056 0.354948 0.323148 0.357812 0.324537 0.361458 0.321759 0.365365 0.321759 0.369271 0.317593 0.371615 0.309722 0.370833 0.302315
0 0.615365 0.390741 0.611458 0.386574 0.607292 0.387963 0.602604 0.393981 0.598698 0.400926 0.596615 0.406481 0.595573 0.417593 0.595573 0.426389 0.596094 0.427778 0.59974 0.428704 0.602083 0.427315 0.611458 0.417593 0.613802 0.412963 0.615365 0.40787 0.616406 0.399537
0 0.137891 0.562176 0.132839 0.574444 0.139323 0.577778 0.142005 0.582037 0.144271 0.586574 0.148177 0.593981 0.151823 0.594907 0.158333 0.594907 0.159115 0.593981 0.159896 0.585648 0.158854 0.57963 0.157812 0.577315 0.154427 0.575 0.14263 0.572269
0 0.630885 0.326852 0.633125 0.329815 0.63776 0.331944 0.639583 0.337037 0.645052 0.343981 0.657813 0.354167 0.661719 0.355556 0.666667 0.355556 0.669792 0.353704 0.670833 0.351389 0.670052 0.343056 0.6625 0.328704 0.659115 0.325926 0.651563 0.322685 0.643229 0.321296 0.638021 0.318519 0.636458 0.317917 0.633281 0.314213 0.635677 0.322685 0.634635 0.325
0 0.335156 0.524074 0.341406 0.526389 0.342969 0.529167 0.345052 0.531852 0.33737 0.532593 0.346875 0.5375 0.350781 0.538426 0.35651 0.539352 0.366146 0.544907 0.378125 0.54537 0.382552 0.543056 0.384375 0.539352 0.383333 0.531019 0.375521 0.51713 0.369531 0.510648 0.365365 0.508796 0.348958 0.508333 0.33263 0.505093 0.340833 0.518889 0.339583 0.522222 0.330625 0.520093
0 0.823438 0.700926 0.822396 0.70463 0.822135 0.708796 0.822917 0.718981 0.826042 0.724074 0.829167 0.727315 0.833854 0.735185 0.83776 0.737037 0.841146 0.735185 0.841927 0.733333 0.842969 0.711574 0.844531 0.705556 0.844271 0.697685 0.841927 0.695833 0.836719 0.695833 0.830729 0.698611 0.825 0.699537
0 0.261458 0.558796 0.2625 0.566204 0.266927 0.573148 0.270833 0.577315 0.279167 0.582407 0.282552 0.583333 0.286979 0.589352 0.292109 0.593056 0.296354 0.583009 0.291667 0.57963 0.288281 0.576852 0.290208 0.574259 0.283594 0.564352 0.279167 0.556019 0.275781 0.552315 0.267448 0.553704 0.263542 0.556019
0 0.857292 0.864815 0.85651 0.872685 0.858073 0.878241 0.865625 0.89213 0.872396 0.900463 0.883073 0.9 0.888542 0.893981 0.892708 0.893981 0.89375 0.891667 0.894271 0.8875 0.89375 0.882407 0.888542 0.878241 0.886458 0.864352 0.886458 0.857407 0.882552 0.852315 0.87474 0.85 0.86849 0.850463 0.864844 0.852315 0.861458 0.855556
0 0.2875 0.533472 0.279427 0.524537 0.275 0.525 0.268229 0.531019 0.267188 0.534722 0.266927 0.538426 0.271875 0.543981 0.279427 0.544444 0.282813 0.542593 0.286198 0.541343
0 0.515365 0.36713 0.515104 0.372685 0.511719 0.374398 0.521094 0.377315 0.52151 0.381944 0.53776 0.39213 0.542448 0.392593 0.544531 0.391204 0.545573 0.388426 0.545833 0.384722 0.545052 0.381944 0.540365 0.373611 0.536979 0.369907 0.532031 0.367593 0.523438 0.364954 0.517969 0.365278 0.513437 0.364676
0 0.417708 0.89125 0.417917 0.899444 0.416354 0.904537 0.421875 0.915741 0.422135 0.92037 0.423698 0.924074 0.426823 0.925463 0.429688 0.924815 0.432344 0.921759 0.431771 0.911667 0.427865 0.908796
0 0.659635 0.683796 0.658333 0.681481 0.654427 0.679167 0.64974 0.678704 0.646615 0.67963 0.642188 0.683333 0.639844 0.683796 0.634896 0.6875 0.632552 0.691667 0.625521 0.697824 0.625781 0.70463 0.624479 0.706944 0.61875 0.711574 0.61526 0.716528 0.621797 0.725046 0.629948 0.718981 0.634896 0.716204 0.639062 0.7125 0.648438 0.70787 0.650521 0.705556 0.659375 0.690741
0 0.557292 0.674074 0.555911 0.685139 0.56224 0.690602 0.572917 0.69537 0.57526 0.696296 0.584375 0.696296 0.5875 0.691204 0.586979 0.685648 0.586198 0.683333 0.578906 0.676852 0.564219 0.673194 0.560937 0.675463
