0 0.219792 0.707407 0.215859 0.7025 0.208854 0.708333 0.207292 0.7125 0.202344 0.721296 0.197917 0.725463 0.198437 0.728704 0.201302 0.72963 0.203906 0.727778 0.213021 0.724537 0.220312 0.712037
0 0.14125 0.707593 0.139583 0.70463 0.134635 0.705556 0.129688 0.709722 0.127083 0.713426 0.125391 0.718241 0.12112 0.720231 0.120937 0.730833 0.129297 0.724954 0.136458 0.723611 0.141406 0.717546 0.14263 0.710972
0 0.150208 0.523981 0.146615 0.520833 0.144844 0.519352 0.142708 0.518056 0.138802 0.518519 0.132812 0.524074 0.129714 0.530556 0.129427 0.53713 0.130755 0.542315 0.142448 0.538426 0.147943 0.530046
0 0.448437 0.305556 0.45026 0.309259 0.454167 0.311574 0.459115 0.311574 0.464062 0.309259 0.474896 0.302176 0.483255 0.298287 0.484896 0.291204 0.498047 0.288426 0.493385 0.284954 0.492135 0.283148 0.492839 0.280139 0.496667 0.277315 0.499323 0.276065 0.496901 0.274491 0.492786 0.275556 0.490365 0.276852 0.486198 0.277778 0.484453 0.273426 0.469271 0.274074 0.461198 0.276389 0.459375 0.278241 0.449479 0.295833 0.447917 0.301852
0 0.25651 0.808333 0.255469 0.804167 0.254167 0.801852 0.248438 0.797685 0.24375 0.796759 0.236979 0.798611 0.232813 0.801852 0.226979 0.807454 0.219089 0.810185 0.222917 0.819907 0.220312 0.822685 0.216068 0.828657 0.227969 0.828056 0.233594 0.825 0.248438 0.819444 0.253385 0.815741 0.25599 0.811111
0 0.412682 0.410046 0.415469 0.416759 0.414844 0.42037 0.410625 0.421296 0.422396 0.427778 0.423333 0.430648 0.432292 0.435185 0.441146 0.439815 0.446615 0.441204 0.454167 0.439352 0.455469 0.4375 0.455729 0.433333 0.455208 0.430093 0.451042 0.424537 0.447135 0.41713 0.443229 0.413426 0.439583 0.4125 0.424089 0.412176 0.423698 0.414815 0.421771 0.414583 0.41875 0.412963 0.416146 0.411111
0 0.682031 0.790741 0.680208 0.791204 0.678906 0.793056 0.675521 0.811111 0.671875 0.82037 0.66849 0.821343 0.669635 0.826296 0.668984 0.834398 0.672682 0.83125 0.673958 0.830093 0.677604 0.824537 0.681771 0.812037 0.685156 0.79537
0 0.527865 0.742315 0.523698 0.742593 0.521354 0.742593 0.51901 0.744444 0.516667 0.744444 0.514062 0.742593 0.510417 0.742593 0.497135 0.746296 0.492969 0.750926 0.48776 0.760648 0.486719 0.768519 0.488542 0.772222 0.492708 0.773611 0.501563 0.772222 0.505729 0.769907 0.517708 0.758796 0.520573 0.758333 0.522396 0.756481 0.526563 0.756528
0 0.32526 0.963657 0.322396 0.959722 0.314063 0.958796 0.307031 0.963426 0.301302 0.965 0.291641 0.971852 0.295312 0.975926 0.29263 0.982315 0.303073 0.980972 0.311719 0.977315 0.321615 0.976389 0.322656 0.975463 0.32526 0.968981
0 0.904167 0.960648 0.904167 0.964352 0.905208 0.968981 0.921615 0.975463 0.915625 0.991667 0.918125 0.999907 0.926823 1 0.973958 1 0.973958 0.996296 0.967969 0.983796 0.961979 0.975463 0.957292 0.970833 0.949479 0.956944 0.944792 0.95 0.939844 0.944907 0.935156 0.944444 0.933333 0.94537 0.927865 0.952315 0.926302 0.949074 0.923958 0.947685 0.919792 0.941204 0.916406 0.938889 0.911979 0.938426 0.910156 0.940741 0.911458 0.948148 0.910677 0.951852 0.906771 0.956019
0 0.0169271 0.405556 0.0169271 0.407407 0.0184896 0.411111 0.0289063 0.42037 0.0333333 0.421759 0.0432292 0.427315 0.0614583 0.431944 0.0713542 0.437037 0.0947917 0.435185 0.0981771 0.436574 0.0992187 0.439352 0.100365 0.441204 0.104349 0.44463 0.10625 0.44213 0.107813 0.439815 0.108594 0.434259 0.109141 0.429213 0.109687 0.42338 0.109141 0.420046 0.109141 0.417917 0.10862 0.412546 0.107552 0.412037 0.104635 0.412824 0.102604 0.415278 0.0983333 0.420093 0.0955729 0.418519 0.0877604 0.410185 0.0770833 0.403704 0.0658854 0.399074 0.0455729 0.396296 0.0294271 0.397685 0.0208333 0.4 0.0179687 0.402778
0 0.438802 0.656481 0.43776 0.649074 0.428385 0.639352 0.423958 0.6375 0.419531 0.637963 0.413802 0.641667 0.40349 0.643519 0.402083 0.648611 0.390469 0.65037 0.392448 0.652315 0.394531 0.655093 0.391745 0.659537 0.404687 0.660185 0.404818 0.663935 0.43099 0.663889 0.436198 0.660185
