0 0.298177 0.430093 0.297135 0.433333 0.297135 0.436111 0.298698 0.447685 0.306901 0.458657 0.311849 0.455972 0.309375 0.451852 0.309375 0.439815 0.308333 0.435648 0.306771 0.43287 0.303385 0.430556
0 0.490365 0.715278 0.48776 0.716204 0.486198 0.718056 0.485417 0.725 0.486198 0.728241 0.489323 0.730556 0.490365 0.730556 0.491406 0.727778 0.492448 0.718519
0 0.295573 0.386574 0.29375 0.3875 0.290885 0.39213 0.292187 0.399537 0.294792 0.401852 0.298698 0.399537 0.300521 0.392593 0.298698 0.388889
0 0.473698 0.614352 0.470729 0.618148 0.473177 0.628704 0.474479 0.631019 0.478646 0.631944 0.48151 0.628704 0.481771 0.621296 0.480469 0.62037 0.478385 0.615278 0.475 0.613889
0 0.382031 0.447685 0.380729 0.455093 0.383333 0.460185 0.384896 0.462037 0.389844 0.462963 0.391667 0.461574 0.391667 0.453704 0.390625 0.449537 0.388802 0.445833 0.384375 0.445833
0 0.905469 0.57963 0.905729 0.586111 0.90625 0.5875 0.910156 0.591204 0.915885 0.593519 0.921354 0.593056 0.928646 0.588426 0.932552 0.587037 0.931771 0.57963 0.927865 0.57963 0.924219 0.575 0.91901 0.571759 0.911198 0.571759 0.908333 0.574074
0 0.554427 0.690278 0.554948 0.69537 0.559115 0.699537 0.564844 0.699537 0.56875 0.69537 0.56737 0.691481 0.566146 0.691204 0.564063 0.6875 0.560937 0.684259 0.55651 0.684722
0 0.41276 0.544907 0.41224 0.552778 0.413542 0.558333 0.414844 0.560648 0.416406 0.562037 0.421094 0.563426 0.424792 0.565463 0.4275 0.561574 0.426302 0.558796 0.423958 0.551389 0.421094 0.547222 0.419792 0.543519 0.415625 0.542593
0 0.478385 0.690741 0.479427 0.697222 0.480729 0.699074 0.486458 0.701389 0.488021 0.698148 0.486458 0.688889 0.482292 0.686574 0.479687 0.688426
0 0.474219 0.658796 0.471094 0.662963 0.471615 0.669444 0.475521 0.679167 0.479505 0.681019 0.480651 0.674861 0.479427 0.6625 0.478125 0.659722
