0 0.423958 0.75 0.422396 0.754167 0.422396 0.762037 0.423698 0.768519 0.427083 0.772685 0.430729 0.772222 0.431771 0.77037 0.432292 0.76713 0.430208 0.752315 0.428385 0.749074
0 0.365625 0.933796 0.363542 0.930093 0.358073 0.927778 0.353385 0.927778 0.350521 0.92963 0.340625 0.940741 0.338802 0.947685 0.339323 0.951852 0.341667 0.955556 0.345313 0.956944 0.357031 0.952315 0.361198 0.948148 0.364323 0.943056
0 0.372396 0.663426 0.370312 0.668981 0.370312 0.678241 0.371875 0.684259 0.377083 0.691667 0.381771 0.693056 0.384635 0.691204 0.386198 0.683796 0.38099 0.672685 0.379167 0.666204 0.377344 0.663426
0 0.159115 0.453704 0.158333 0.451852 0.152604 0.44537 0.147135 0.443981 0.142187 0.444907 0.135417 0.450926 0.130729 0.45787 0.129688 0.461111 0.128906 0.468981 0.13099 0.473611 0.134635 0.477778 0.139063 0.476852 0.146615 0.479167 0.148438 0.475463 0.149219 0.469907 0.150521 0.46713 0.154688 0.468981 0.158333 0.470509 0.159115 0.456019
0 0.165625 0.553704 0.1625 0.558796 0.161458 0.565278 0.161979 0.57037 0.167708 0.590741 0.172969 0.60463 0.18 0.602222 0.178385 0.580556 0.177083 0.568981 0.175781 0.562963 0.173698 0.558796 0.170052 0.55463
0 0.294375 0.741852 0.295052 0.746759 0.298958 0.753704 0.302604 0.757407 0.30651 0.759259 0.311042 0.764815 0.312448 0.756759 0.309896 0.753241 0.306771 0.743056 0.301406 0.739676 0.296406 0.738981
0 0.27875 0.682917 0.274401 0.686991 0.276224 0.689491 0.264062 0.696759 0.259115 0.700741 0.253099 0.701944 0.249896 0.694722 0.252995 0.687454 0.255729 0.684259 0.263542 0.681944 0.268229 0.681944
0 0.575625 0.889861 0.574219 0.896296 0.574219 0.900926 0.575 0.904167 0.576042 0.906019 0.58263 0.908565 0.583333 0.902315 0.583333 0.899074 0.580208 0.889352
0 0.195573 0.738426 0.196354 0.749537 0.197396 0.752315 0.20026 0.754167 0.204792 0.75662 0.210547 0.766667 0.214792 0.758843 0.209635 0.746296 0.207552 0.738426 0.204427 0.736111 0.201302 0.731944 0.197396 0.733796
0 0.14112 0.741713 0.14263 0.750463 0.15026 0.748148 0.155208 0.754167 0.157031 0.758333 0.158073 0.764815 0.159375 0.767593 0.161979 0.769444 0.164844 0.769444 0.16862 0.775093 0.180651 0.765648 0.168229 0.760185 0.165885 0.752778 0.160156 0.743519 0.15599 0.740278 0.154427 0.737963 0.148958 0.7375
0 0.386875 0.749491 0.376823 0.756944 0.369271 0.76713 0.365885 0.774074 0.364063 0.781944 0.365104 0.786111 0.369271 0.786574 0.377083 0.775 0.380208 0.766204 0.383333 0.760648 0.383594 0.757407 0.385156 0.754167
