0 0.380469 0.622685 0.378385 0.627778 0.378646 0.635648 0.380729 0.638889 0.386719 0.640278 0.388802 0.642593 0.389583 0.635185 0.38724 0.628241 0.384896 0.623611
0 0.211771 0.630185 0.211823 0.637222 0.221615 0.638889 0.226328 0.64088 0.23125 0.639537 0.23263 0.638843 0.233516 0.63625 0.233281 0.62963 0.220677 0.630139
0 0.200938 0.644074 0.20138 0.638287 0.19349 0.629167 0.182552 0.631944 0.177865 0.633472 0.174219 0.63287 0.170547 0.634398 0.170885 0.642454 0.179167 0.642593 0.183073 0.643056 0.188802 0.646759 0.197396 0.646759
0 0.509635 0.925463 0.508073 0.927315 0.505469 0.93287 0.503906 0.940741 0.504427 0.943519 0.509635 0.952315 0.513802 0.949074 0.515365 0.94213 0.515104 0.935185 0.513802 0.926389
0 0.170833 0.711574 0.170052 0.705093 0.163542 0.694907 0.161458 0.693981 0.155208 0.696759 0.148698 0.705093 0.147656 0.710648 0.147656 0.713889 0.149479 0.71713 0.16224 0.719444 0.16901 0.714815
0 0.200781 0.607037 0.2 0.61838 0.211536 0.624444 0.216927 0.625926 0.220312 0.628241 0.222135 0.631019 0.224479 0.631944 0.228385 0.630694 0.234505 0.629028 0.238047 0.622222 0.235417 0.613889 0.234635 0.612037 0.232552 0.610185 0.225 0.608333 0.211198 0.607407
0 0.28724 0.664352 0.283073 0.667593 0.282552 0.674537 0.283229 0.695556 0.286484 0.684444 0.288281 0.675926 0.289062 0.669444
0 0.539844 0.758796 0.535807 0.756528 0.529687 0.751435 0.52487 0.749861 0.521615 0.749537 0.517188 0.758796 0.507109 0.758889 0.511146 0.764722 0.508047 0.773287 0.514583 0.769907 0.517969 0.773148 0.522656 0.773611 0.532813 0.771296 0.538542 0.767593 0.539583 0.763889
0 0.205469 0.572731 0.203646 0.570833 0.195182 0.566944 0.194167 0.579074 0.19974 0.587963 0.201042 0.591667 0.204687 0.596759 0.208594 0.598611 0.212995 0.600324 0.214818 0.600648 0.216875 0.598796 0.216979 0.593241 0.216146 0.585648 0.214844 0.578704 0.208594 0.57287
0 0.424609 0.775787 0.429948 0.775926 0.431146 0.780648 0.435937 0.783333 0.442708 0.785648 0.446615 0.783333 0.447943 0.783704 0.450286 0.780602 0.448542 0.775787 0.447083 0.772963 0.445182 0.768657 0.441927 0.764537 0.439323 0.763889 0.430937 0.76537 0.42474 0.7675
0 0.443229 0.756481 0.44138 0.758704 0.441823 0.765139 0.445833 0.771296 0.447083 0.774352 0.448437 0.775926 0.44974 0.776389 0.455208 0.777315 0.455729 0.769444 0.457292 0.767593 0.459115 0.767593 0.454688 0.763889 0.451562 0.756481 0.44974 0.75463 0.446615 0.753704
