0 0.387266 0.360556 0.38638 0.354676 0.384115 0.3625 0.379427 0.368056 0.36901 0.371759 0.365885 0.375 0.357031 0.3875 0.355729 0.39213 0.35651 0.397222 0.358073 0.399537 0.365365 0.402778 0.373698 0.398148 0.382943 0.391296 0.383594 0.386111 0.387083 0.37713 0.386719 0.366204
0 0.15026 0.530093 0.142109 0.533102 0.144531 0.545833 0.147396 0.555556 0.15026 0.55787 0.155391 0.564907 0.156771 0.553704 0.157031 0.544907 0.155208 0.538426 0.154427 0.53287
0 0.15026 0.596759 0.147344 0.600046 0.149479 0.613889 0.151562 0.621759 0.156016 0.631204 0.160365 0.627269 0.159271 0.621019 0.16 0.615231 0.159583 0.608889 0.15651 0.598148 0.154688 0.596759
0 0.660937 0.57037 0.659896 0.572222 0.660417 0.57963 0.664323 0.590278 0.668229 0.596759 0.672135 0.600463 0.676302 0.60787 0.680469 0.609722 0.68151 0.612963 0.685677 0.616667 0.685677 0.611574 0.684635 0.610185 0.684375 0.607407 0.6875 0.603704 0.688021 0.600463 0.686198 0.599537 0.684635 0.596296 0.683073 0.588426 0.678385 0.578241 0.67526 0.572685 0.671615 0.569444 0.664583 0.568519
0 0.84599 0.695278 0.84375 0.694907 0.845313 0.698148 0.848177 0.7 0.850781 0.704167 0.850781 0.706481 0.84974 0.709722 0.84349 0.711574 0.845833 0.718981 0.852604 0.719444 0.85625 0.720833 0.860156 0.725926 0.878385 0.738426 0.884635 0.746296 0.888802 0.746296 0.891667 0.741667 0.892188 0.737963 0.891927 0.724074 0.890625 0.718519 0.888542 0.715278 0.88125 0.711574 0.867708 0.709259 0.863542 0.706944 0.861458 0.70463 0.857292 0.703704 0.853125 0.698611 0.85 0.699861
0 0.21276 0.622222 0.206354 0.62875 0.206042 0.635833 0.207057 0.639491 0.209115 0.642593 0.2125 0.64537 0.21875 0.644907 0.221094 0.645972 0.223568 0.638565 0.220052 0.628241 0.216927 0.622685
0 0.416667 0.462037 0.415625 0.467593 0.415885 0.472685 0.417708 0.477778 0.419792 0.479167 0.428906 0.480556 0.431771 0.48287 0.432292 0.472222 0.433073 0.47037 0.435937 0.468981 0.435677 0.46713 0.431771 0.462963 0.429948 0.459722 0.424219 0.456019 0.420052 0.456944
0 0.17237 0.490648 0.175521 0.496296 0.177604 0.498611 0.18099 0.500463 0.185417 0.5 0.189583 0.500926 0.19401 0.5 0.2 0.503333 0.207734 0.497315 0.208437 0.486852 0.203646 0.484722 0.19974 0.482407 0.190885 0.479167 0.186719 0.479167 0.18151 0.481481 0.177005 0.483889
0 0.256693 0.485787 0.251563 0.487037 0.247656 0.487037 0.244271 0.490278 0.234375 0.508796 0.232552 0.51713 0.232292 0.525926 0.235417 0.528704 0.236458 0.528704 0.238021 0.526852 0.241146 0.519907 0.243229 0.509722 0.245573 0.502315 0.248177 0.497685 0.251875 0.499028 0.253672 0.497546
0 0.230443 0.576806 0.236979 0.577778 0.240885 0.578241 0.248438 0.575 0.261042 0.569167 0.259714 0.565278 0.260964 0.560231 0.245052 0.559722 0.239583 0.560185 0.233333 0.565741 0.22888 0.570694
0 0.41737 0.502778 0.41901 0.506019 0.421094 0.509259 0.421094 0.510648 0.41875 0.511435 0.409453 0.510231 0.416146 0.516389 0.41875 0.518519 0.418906 0.52662 0.435807 0.543796 0.446615 0.552315 0.453906 0.555556 0.459375 0.555556 0.460677 0.553704 0.461198 0.544907 0.454167 0.524074 0.45026 0.51713 0.441146 0.510185 0.433594 0.506944 0.425286 0.49912 0.425521 0.506019 0.423438 0.506944 0.421875 0.505093 0.421875 0.503241 0.415234 0.493426
