0 0.491406 0.616204 0.490104 0.615741 0.482292 0.631944 0.481771 0.636111 0.479427 0.64213 0.479427 0.649537 0.482292 0.651852 0.483854 0.649537 0.48776 0.63287 0.490365 0.627778 0.492188 0.622222 0.492188 0.618519
0 0.480729 0.558796 0.478125 0.552315 0.47474 0.547685 0.470573 0.547685 0.453099 0.557824 0.454688 0.562037 0.451849 0.569907 0.454948 0.568981 0.457031 0.570833 0.461458 0.573148 0.473958 0.573148 0.478385 0.57037 0.480729 0.566204
0 0.624479 0.735648 0.623698 0.738889 0.624219 0.743981 0.626042 0.749537 0.637422 0.765463 0.646641 0.773009 0.650182 0.762037 0.640807 0.753241 0.643672 0.752176 0.638021 0.741667 0.635938 0.738287 0.633854 0.734259 0.630469 0.731944 0.626302 0.733333
0 0.764062 0.343519 0.764844 0.350926 0.767448 0.35463 0.771094 0.35787 0.786979 0.363426 0.791146 0.363426 0.793229 0.361111 0.795573 0.360648 0.796615 0.362037 0.800052 0.364815 0.804323 0.365833 0.803125 0.35787 0.808073 0.355463 0.801823 0.3525 0.794635 0.350463 0.797187 0.346944 0.784115 0.336574 0.780208 0.335185 0.776302 0.335648 0.767708 0.338889
0 0.126823 0.568519 0.12474 0.572685 0.124479 0.580556 0.125521 0.5875 0.127344 0.593056 0.130208 0.598148 0.13513 0.612824 0.141693 0.609028 0.1375 0.600463 0.139453 0.596898 0.137318 0.586574 0.13776 0.581944 0.135677 0.572685 0.134635 0.570833
0 0.31263 0.928889 0.310964 0.932824 0.309036 0.936806 0.310417 0.94213 0.311198 0.948148 0.314583 0.952315 0.31875 0.952315 0.320312 0.948611 0.320052 0.940741 0.316406 0.931944
0 0.853385 0.440278 0.854688 0.447222 0.857292 0.45 0.870573 0.451389 0.880781 0.455139 0.885417 0.452315 0.886589 0.45463 0.88776 0.455556 0.891172 0.459861 0.890365 0.454167 0.888281 0.447685 0.893229 0.444907 0.896693 0.442546 0.886719 0.438426 0.883854 0.433796 0.865365 0.422685 0.861458 0.425 0.854688 0.433333
0 0.365104 0.50463 0.3625 0.510185 0.361198 0.515278 0.361198 0.52037 0.361979 0.522222 0.364063 0.524074 0.371432 0.524537 0.372396 0.517593 0.373516 0.514074 0.370833 0.512037 0.36901 0.510185 0.368229 0.506019 0.366667 0.50463
0 0.371615 0.711111 0.368229 0.7 0.365885 0.696296 0.364844 0.695833 0.361458 0.697685 0.357812 0.702315 0.354427 0.70463 0.348542 0.708704 0.346719 0.717269 0.353125 0.719907 0.357292 0.724537 0.360417 0.725463 0.365885 0.725 0.368229 0.723148 0.371094 0.718981
0 0.810156 0.482407 0.811458 0.489815 0.817969 0.5 0.826042 0.506481 0.835156 0.512037 0.841667 0.518519 0.84375 0.518056 0.845833 0.516204 0.846875 0.517593 0.850521 0.518981 0.853385 0.522685 0.857031 0.525 0.860807 0.52875 0.85651 0.51713 0.857552 0.514815 0.860521 0.517176 0.865365 0.519444 0.865625 0.518519 0.865365 0.516667 0.860156 0.513426 0.85737 0.510185 0.854688 0.508333 0.853906 0.506481 0.853906 0.500787 0.85 0.496296 0.846094 0.494444 0.838281 0.484259 0.831771 0.478241 0.826823 0.476852 0.816667 0.477315 0.813802 0.478241 0.810677 0.481019
0 0.835391 0.868148 0.82901 0.864167 0.824219 0.8575 0.81849 0.85787 0.81224 0.849537 0.810417 0.849074 0.807031 0.850463 0.801042 0.856481 0.796875 0.864815 0.795052 0.871296 0.79349 0.884722 0.79401 0.900463 0.795833 0.90787 0.798698 0.910648 0.80599 0.910648 0.815104 0.90463 0.816927 0.901852 0.819531 0.894444 0.822135 0.889815 0.825521 0.886574 0.828385 0.885648 0.829688 0.883333 0.830469 0.880093 0.830469 0.874074
0 0.848958 0.774074 0.841406 0.769444 0.836979 0.77037 0.832812 0.774074 0.828906 0.775926 0.826042 0.778704 0.820833 0.787963 0.820833 0.796759 0.822135 0.800926 0.82474 0.804167 0.829688 0.806944 0.834115 0.80787 0.836719 0.803704 0.83776 0.794907 0.839323 0.790741 0.841406 0.788889 0.845833 0.789352 0.846615 0.788426 0.847396 0.779167
0 0.728646 0.733333 0.724479 0.731019 0.720573 0.737963 0.719531 0.744444 0.713021 0.762037 0.709115 0.764815 0.708333 0.762037 0.707812 0.753241 0.703906 0.745833 0.700521 0.743519 0.69401 0.74537 0.689323 0.748148 0.686979 0.750926 0.682552 0.753241 0.673698 0.756019 0.66875 0.760185 0.665625 0.761111 0.65651 0.76713 0.649219 0.774074 0.647656 0.777315 0.641406 0.785185 0.634635 0.797222 0.63099 0.806944 0.629818 0.810787 0.627708 0.815926 0.625365 0.820324 0.624792 0.825231 0.624766 0.828241 0.623802 0.834537 0.623516 0.838472 0.623359 0.841667 0.622917 0.842593 0.622917 0.855556 0.62526 0.858796 0.629948 0.85787 0.635938 0.858796 0.639062 0.85787 0.641146 0.859722 0.64375 0.864815 0.65026 0.871296 0.657552 0.872685 0.663021 0.871759 0.680469 0.861111 0.696875 0.839815 0.713542 0.828704 0.719531 0.826852 0.721094 0.823611 0.720313 0.815278 0.717187 0.806944 0.713021 0.801852 0.715365 0.797685 0.719531 0.796296 0.724479 0.797685 0.730208 0.801389 0.736198 0.808796 0.740104 0.809722 0.743229 0.808796 0.744271 0.80463 0.74401 0.800926 0.7375 0.785648 0.733073 0.778241 0.73151 0.773611 0.730729 0.747685
