0 0.322995 0.75375 0.320052 0.753241 0.317448 0.758333 0.317448 0.768981 0.31724 0.773102 0.317448 0.776852 0.315599 0.789352 0.320833 0.784213 0.322083 0.778704 0.323464 0.771296 0.323437 0.763889
0 0.786198 0.426852 0.784635 0.430509 0.78724 0.435185 0.791146 0.440278 0.798698 0.445833 0.808333 0.448148 0.817448 0.448611 0.821354 0.45 0.825 0.449537 0.826302 0.447222 0.830208 0.445833 0.83099 0.448148 0.83776 0.449537 0.842578 0.450509 0.840078 0.446991 0.834818 0.443472 0.834896 0.440741 0.84487 0.441065 0.837734 0.435278 0.83151 0.433333 0.830469 0.431944 0.831432 0.426852 0.828516 0.425648 0.820833 0.422685 0.810937 0.416204 0.808073 0.415278 0.798958 0.415741 0.795052 0.417593 0.789323 0.422222
0 0.355729 0.947685 0.35651 0.951389 0.358333 0.955093 0.365365 0.959722 0.375 0.960185 0.381771 0.95787 0.385156 0.95787 0.391979 0.959722 0.388932 0.950139 0.377083 0.94213 0.370052 0.936574 0.365104 0.936574 0.358854 0.940741
0 0.643307 0.560787 0.645078 0.566204 0.653125 0.568981 0.664062 0.566667 0.672969 0.566204 0.670573 0.563889 0.672135 0.561111 0.681562 0.558241 0.677344 0.552315 0.678281 0.549167 0.678932 0.544907 0.677578 0.546343 0.676823 0.547222 0.672708 0.549722 0.672839 0.54537 0.662786 0.544028 0.656849 0.544306 0.646615 0.55463
0 0.160938 0.656944 0.160156 0.658333 0.159635 0.663426 0.163021 0.677315 0.167708 0.686574 0.173177 0.694444 0.177344 0.694444 0.177865 0.690741 0.176302 0.686574 0.174479 0.677315 0.174219 0.670833 0.172135 0.662963 0.170052 0.65787 0.166667 0.655556
0 0.832031 0.216204 0.831771 0.218981 0.834115 0.229167 0.83776 0.236111 0.84375 0.242593 0.851042 0.247222 0.859635 0.254167 0.861198 0.256481 0.865885 0.258333 0.869401 0.258935 0.867188 0.253704 0.869271 0.250926 0.877604 0.251389 0.882005 0.253194 0.889401 0.252639 0.890781 0.248889 0.88599 0.249491 0.884323 0.247963 0.882812 0.246296 0.88263 0.242361 0.884115 0.238889 0.888984 0.232917 0.877083 0.235185 0.877578 0.23037 0.869792 0.227778 0.866406 0.224537 0.86276 0.218519 0.855208 0.209259 0.853646 0.208333 0.83776 0.209722 0.833854 0.211574
0 0.161198 0.593519 0.154635 0.593889 0.14862 0.605648 0.142396 0.605463 0.138438 0.607963 0.141406 0.617639 0.148307 0.62037 0.153828 0.616944 0.158333 0.606481
0 0.533594 0.593519 0.53224 0.59713 0.534375 0.601389 0.540365 0.60787 0.555234 0.611435 0.571797 0.611806 0.572396 0.60787 0.583073 0.609259 0.586719 0.608889 0.58651 0.602546 0.589688 0.598056 0.580208 0.596296 0.576302 0.596759 0.575 0.595833 0.572917 0.59213 0.574922 0.588889 0.565885 0.585648 0.559896 0.57963 0.553125 0.575926 0.548438 0.576389 0.546875 0.577778 0.543229 0.584259 0.53724 0.588889
0 0.939141 0.493472 0.93724 0.496759 0.935156 0.496759 0.91901 0.506019 0.915625 0.511111 0.909635 0.523148 0.909115 0.531481 0.911979 0.534259 0.917448 0.534722 0.920833 0.533796 0.928125 0.528704 0.930729 0.525463 0.935677 0.516667 0.936198 0.514352 0.938802 0.510648 0.942161 0.506898
0 0.161979 0.568981 0.158984 0.571806 0.158099 0.58162 0.160938 0.590278 0.166406 0.602315 0.169792 0.606019 0.172109 0.614352 0.176849 0.610185 0.174219 0.592593 0.172396 0.58287 0.169531 0.577315
0 0.952344 0.850926 0.949453 0.856574 0.953385 0.864815 0.954948 0.868519 0.960156 0.875463 0.965885 0.880556 0.96901 0.881481 0.982292 0.881481 0.990625 0.884722 0.995313 0.884722 0.998177 0.88287 1 0.88287 1 0.846759 0.994531 0.846759 0.989583 0.844907 0.982812 0.840741 0.96849 0.839815 0.960417 0.84213 0.954427 0.846759
0 0.491354 0.705185 0.492188 0.712037 0.49401 0.72037 0.498698 0.728704 0.503646 0.733796 0.505729 0.738426 0.509635 0.741667 0.513802 0.748611 0.517708 0.754954 0.518099 0.749769 0.523698 0.75463 0.525703 0.759213 0.532865 0.755185 0.529687 0.749537 0.527344 0.74537 0.526042 0.743056 0.524036 0.739352 0.526484 0.738657 0.522917 0.732407 0.517708 0.717593 0.511198 0.706019 0.509896 0.70463 0.50651 0.703704 0.497396 0.704167 0.49401 0.703241
