0 0.147656 0.643056 0.147656 0.634722 0.142448 0.623611 0.139844 0.621759 0.136016 0.621667 0.129922 0.62088 0.122552 0.621806 0.123958 0.626389 0.118958 0.628102 0.124974 0.634722 0.129688 0.640278 0.132292 0.643056 0.138542 0.645833 0.146615 0.644907
0 0.678646 0.84213 0.676042 0.837037 0.670573 0.831019 0.665885 0.830093 0.664583 0.834259 0.661719 0.839352 0.65625 0.843519 0.65625 0.850926 0.649245 0.857222 0.650781 0.858796 0.65026 0.860185 0.65026 0.865278 0.659635 0.866204 0.66901 0.8625 0.675 0.85463 0.677865 0.849537 0.678906 0.844444
0 0.347917 0.906019 0.345833 0.904167 0.341667 0.906019 0.333594 0.913426 0.329688 0.919907 0.326823 0.926852 0.325781 0.931019 0.323698 0.951852 0.321094 0.96713 0.321094 0.976852 0.319792 0.981944 0.319531 0.9875 0.317995 0.994491 0.320417 0.992454 0.322396 0.988889 0.32474 0.985185 0.327865 0.98287 0.326823 0.976389 0.327344 0.969444 0.333073 0.95787 0.336198 0.948148 0.339323 0.934722 0.341667 0.929167 0.345052 0.917593 0.347135 0.913426
0 0.911458 0.923611 0.909635 0.926852 0.909375 0.934722 0.911198 0.941667 0.916406 0.950926 0.919792 0.95463 0.924219 0.956019 0.928906 0.952778 0.930729 0.95 0.93151 0.943056 0.93125 0.933333 0.929427 0.925463 0.927604 0.921759 0.923958 0.919444 0.919531 0.919444 0.914844 0.920833
0 0.86901 0.835648 0.86901 0.837037 0.872917 0.843981 0.880469 0.850926 0.885156 0.853241 0.891146 0.855093 0.897656 0.855093 0.906693 0.858056 0.905964 0.853148 0.909193 0.848333 0.9 0.836574 0.896615 0.830093 0.88849 0.82625 0.882708 0.824398 0.876823 0.824537 0.871094 0.830093
0 0.853646 0.954167 0.852865 0.948611 0.851562 0.944444 0.847917 0.9375 0.846094 0.935648 0.841927 0.937037 0.828542 0.940231 0.829948 0.945833 0.828385 0.947685 0.830208 0.955093 0.836979 0.963426 0.841667 0.96713 0.845833 0.965741 0.852083 0.960648 0.853125 0.958333
0 0.076875 0.465093 0.0742188 0.465509 0.0815104 0.473148 0.0820312 0.475926 0.0851563 0.48287 0.0934896 0.493519 0.0992187 0.498148 0.104167 0.496759 0.102865 0.48287 0.0958333 0.471759 0.0888021 0.468519 0.0758594 0.458935
0 0.110156 0.565741 0.105833 0.5675 0.114062 0.575 0.115911 0.580185 0.117448 0.586574 0.11875 0.589815 0.128385 0.593519 0.132031 0.593519 0.134115 0.590741 0.134635 0.588426 0.134115 0.580093 0.133333 0.576389 0.13151 0.573148 0.122917 0.568056 0.116927 0.56588 0.107708 0.560509
0 0.149479 0.689815 0.144271 0.688889 0.139922 0.688565 0.136016 0.693148 0.138542 0.698611 0.139583 0.712963 0.141146 0.71713 0.142448 0.718056 0.146875 0.71713 0.152344 0.711111 0.153125 0.70463 0.150521 0.690741
0 0.132552 0.675463 0.126875 0.669074 0.121719 0.67037 0.119323 0.673565 0.115156 0.677917 0.111589 0.682454 0.112734 0.6875 0.117708 0.690741 0.123438 0.690278 0.13151 0.685185 0.132552 0.681481
