0 0.425781 0.584722 0.425 0.5875 0.428906 0.600926 0.43125 0.604167 0.435677 0.603704 0.437057 0.603426 0.436198 0.596296 0.435156 0.591204 0.433333 0.588426 0.427865 0.583333
0 0.766667 0.870833 0.765365 0.868519 0.760156 0.863889 0.755469 0.862963 0.75 0.864815 0.745313 0.870833 0.736458 0.877778 0.734115 0.885648 0.735938 0.890278 0.73776 0.892593 0.733333 0.904167 0.725781 0.912963 0.726276 0.9175 0.731849 0.923426 0.735651 0.929954 0.736719 0.928241 0.739062 0.925463 0.744792 0.925926 0.747422 0.92 0.751797 0.916898 0.755833 0.913287 0.75987 0.90662 0.762891 0.897407 0.765911 0.89088 0.76849 0.885648 0.768229 0.877778
0 0.501563 0.59537 0.497917 0.597222 0.496615 0.600463 0.496615 0.607407 0.498958 0.615278 0.501563 0.618981 0.502865 0.618981 0.505729 0.616204 0.507031 0.611111 0.507292 0.606944 0.505208 0.599537
0 0.426302 0.559259 0.425 0.561574 0.424219 0.566204 0.425521 0.571296 0.427083 0.574074 0.430729 0.576389 0.43651 0.580185 0.438698 0.575972 0.435417 0.564815 0.433854 0.558796 0.43099 0.557407
0 0.366042 0.495787 0.365104 0.503241 0.365625 0.508333 0.366667 0.510648 0.36901 0.512037 0.373177 0.511574 0.373698 0.508796 0.372396 0.499537 0.370833 0.496759
0 0.138542 0.322222 0.139844 0.327778 0.141146 0.330093 0.14349 0.331944 0.14974 0.33287 0.153958 0.328657 0.150781 0.323148 0.146615 0.31713 0.141927 0.316204 0.140365 0.317593
0 0.322135 0.440278 0.322656 0.44537 0.324219 0.448148 0.332526 0.453148 0.336276 0.448704 0.333333 0.440741 0.330469 0.436574 0.325521 0.436111
0 0.283333 0.673611 0.279948 0.677315 0.278385 0.684722 0.275781 0.690741 0.277604 0.698148 0.272839 0.707407 0.275651 0.711574 0.276927 0.718935 0.279948 0.7125 0.283854 0.702315 0.286458 0.689815 0.286719 0.683333 0.285938 0.677778 0.285156 0.675463
0 0.203099 0.424954 0.203828 0.431343 0.210339 0.434074 0.216719 0.429213 0.215938 0.424537 0.21224 0.423148 0.209375 0.421296 0.204948 0.423148
0 0.263021 0.633796 0.261979 0.635648 0.261979 0.64537 0.263542 0.65463 0.264583 0.656481 0.267188 0.658333 0.272135 0.658333 0.27474 0.656481 0.275781 0.652778 0.276042 0.648611 0.272656 0.639352 0.267708 0.634722 0.264062 0.633333
0 0.490104 0.637037 0.48776 0.64213 0.488802 0.649074 0.490104 0.651852 0.494271 0.653241 0.496094 0.649537 0.495312 0.643056 0.494271 0.639352
0 0.247656 0.39213 0.248177 0.399537 0.251823 0.405556 0.254688 0.406944 0.264062 0.406944 0.265104 0.406019 0.266146 0.399074 0.263281 0.389815 0.259896 0.386111 0.254427 0.386111 0.252344 0.3875 0.250443 0.389444
0 0.283854 0.41713 0.283333 0.418981 0.283594 0.424074 0.284375 0.426852 0.2875 0.430556 0.291146 0.431481 0.294531 0.427315 0.294531 0.419444 0.291146 0.415741 0.28724 0.414352 0.285156 0.415278
