0 0.346302 0.649259 0.349687 0.649769 0.349297 0.660556 0.349974 0.670046 0.347917 0.67963 0.345573 0.681019 0.34349 0.676389 0.342708 0.6625 0.34401 0.656481 0.344609 0.652083
0 0.364896 0.817778 0.367708 0.821296 0.371354 0.823611 0.388542 0.823148 0.398646 0.817917 0.400781 0.811574 0.408333 0.808843 0.40638 0.79875 0.396849 0.801204 0.398672 0.796019 0.380469 0.796296 0.372917 0.801852 0.367708 0.808796 0.365365 0.813426
0 0.451042 0.906019 0.450182 0.912315 0.453906 0.918519 0.458594 0.924537 0.46276 0.927315 0.468125 0.929769 0.47026 0.913889 0.467448 0.906019 0.463021 0.902315 0.458594 0.901852 0.45625 0.904167
0 0.148151 0.528333 0.147005 0.530833 0.147318 0.53662 0.148177 0.539815 0.157812 0.562685 0.159401 0.561065 0.163724 0.572454 0.164401 0.568287 0.167187 0.568056 0.165026 0.560556 0.162266 0.55662 0.157969 0.546065 0.156224 0.538426 0.159349 0.53588 0.15625 0.531019 0.152604 0.52963 0.150521 0.527315
0 0.0940104 0.469907 0.0927083 0.472222 0.0921875 0.476389 0.0940104 0.487037 0.0984375 0.5 0.101302 0.505093 0.103385 0.506944 0.106901 0.519537 0.113021 0.518611 0.111458 0.508796 0.110417 0.50463 0.109896 0.49537 0.108073 0.485648 0.10625 0.480093 0.103646 0.475463 0.0994792 0.470833 0.0966146 0.469444
0 0.0735417 0.636898 0.0752344 0.642824 0.0790104 0.655231 0.0802865 0.65662 0.0847396 0.660417 0.0888021 0.662037 0.0916667 0.665278 0.0936979 0.670602 0.0992187 0.66412 0.0960938 0.658333 0.0904167 0.656204 0.0942188 0.652917 0.0896875 0.650509 0.0869531 0.641852 0.0795833 0.639815
0 0.18151 0.70787 0.177604 0.718519 0.176042 0.733333 0.177604 0.742593 0.180859 0.751852 0.1825 0.753889 0.185833 0.763148 0.190885 0.756389 0.186693 0.752361 0.185 0.748148 0.185156 0.729167 0.184896 0.718519 0.183073 0.709259
0 0.160208 0.536435 0.157031 0.537685 0.156901 0.540787 0.158333 0.545833 0.161979 0.555556 0.167969 0.561389 0.170547 0.566759 0.173724 0.566806 0.175443 0.567083 0.179271 0.570509 0.179531 0.566667 0.187057 0.566389 0.176563 0.556481 0.176901 0.552917 0.173437 0.545833 0.170052 0.540278 0.167187 0.537963
0 0.745911 0.809028 0.743516 0.809491 0.740104 0.808796 0.735938 0.808333 0.732552 0.810648 0.728385 0.818519 0.72526 0.82963 0.720391 0.838657 0.717135 0.853565 0.723437 0.850926 0.722448 0.864861 0.727344 0.849537 0.736198 0.846296 0.742188 0.835648 0.745833 0.823611 0.746875 0.816204 0.74737 0.811204
0 0.548438 0.858796 0.545052 0.861574 0.54401 0.864815 0.542969 0.875 0.542969 0.893056 0.544792 0.908333 0.547135 0.915278 0.548698 0.918519 0.551823 0.91713 0.552865 0.913889 0.553385 0.883796 0.552344 0.873611 0.552344 0.863426 0.551042 0.860185
0 0.261458 0.690741 0.261979 0.698148 0.267969 0.705093 0.271615 0.708333 0.275781 0.709722 0.278906 0.711435 0.282318 0.710185 0.283073 0.708565 0.285234 0.705602 0.282031 0.698935 0.279167 0.691667 0.272396 0.683796 0.270573 0.683333 0.267188 0.684722 0.263802 0.6875
