0 0.176094 0.456065 0.175521 0.464259 0.177344 0.468981 0.18099 0.475926 0.19388 0.490139 0.200964 0.499028 0.201771 0.492778 0.19638 0.477824 0.194375 0.471111 0.185677 0.45787 0.182552 0.456944
0 0.45026 0.683796 0.450521 0.69213 0.451823 0.696759 0.453646 0.700463 0.457552 0.705093 0.470573 0.714352 0.476562 0.715741 0.483281 0.720694 0.482891 0.715139 0.488125 0.713704 0.48151 0.702315 0.473698 0.690741 0.468229 0.684722 0.464323 0.681481 0.460417 0.680093 0.454948 0.680093
0 0.461563 0.869537 0.46099 0.878704 0.465625 0.885648 0.471094 0.889815 0.47474 0.890741 0.478906 0.888889 0.482292 0.885648 0.484115 0.880093 0.483854 0.875926 0.482031 0.871759 0.47474 0.866667 0.470052 0.866204 0.466667 0.86713
0 0.41224 0.635648 0.415885 0.640278 0.419531 0.641204 0.424479 0.640741 0.427604 0.639352 0.431771 0.635648 0.435417 0.634259 0.439583 0.634259 0.443333 0.635741 0.445312 0.628704 0.445312 0.627778 0.443229 0.624074 0.439063 0.623611 0.435156 0.621296 0.423438 0.619907 0.419271 0.621296 0.41224 0.628241
0 0.0815104 0.466667 0.0832292 0.461852 0.0895052 0.462037 0.0961458 0.466574 0.0971354 0.469907 0.0979167 0.473611 0.0979167 0.477315 0.0966146 0.483796 0.0953125 0.486574 0.0921875 0.489352 0.0875 0.488889 0.0864583 0.487963 0.084375 0.48287 0.0849219 0.473611 0.0810156 0.470231
0 0.4725 0.919722 0.469427 0.917269 0.46276 0.927315 0.461979 0.933796 0.460156 0.940278 0.458594 0.95 0.458854 0.960185 0.459896 0.964352 0.461198 0.966204 0.463542 0.966204 0.467708 0.959259 0.469271 0.955093 0.472396 0.935648 0.472135 0.928241
0 0.106302 0.472176 0.108594 0.478241 0.110417 0.480556 0.122135 0.486574 0.1425 0.492917 0.144792 0.483472 0.13099 0.476389 0.128906 0.472222 0.125 0.468981 0.119792 0.466667 0.114323 0.466667 0.108854 0.468519
0 0.107865 0.380648 0.101979 0.384444 0.104453 0.396574 0.102474 0.399954 0.102995 0.422778 0.108385 0.441667 0.11138 0.445139 0.115417 0.436481 0.116693 0.418843 0.114271 0.404074 0.112448 0.39588 0.109635 0.389722
0 0.15625 0.810648 0.157031 0.813889 0.159635 0.816667 0.170313 0.821296 0.177865 0.822222 0.183854 0.81713 0.195833 0.810648 0.203021 0.811389 0.201302 0.805093 0.203672 0.79838 0.194271 0.800926 0.196146 0.793287 0.188984 0.795185 0.177344 0.791667 0.172917 0.792593 0.165104 0.797222 0.157552 0.806019 0.15625 0.808333
0 0.220833 0.586574 0.221615 0.593981 0.226823 0.603241 0.234792 0.612685 0.243958 0.617315 0.241146 0.60787 0.245234 0.60713 0.239036 0.594306 0.235156 0.584722 0.232552 0.58287 0.226823 0.582407 0.224479 0.58287
0 0.749219 0.509722 0.749479 0.513426 0.750781 0.516667 0.756771 0.524537 0.763802 0.531481 0.772396 0.534259 0.782813 0.534722 0.7875 0.536111 0.790885 0.534259 0.795052 0.527778 0.798958 0.525463 0.800521 0.526852 0.804167 0.533796 0.80651 0.543056 0.807813 0.543056 0.808854 0.541667 0.809375 0.538889 0.809115 0.523611 0.809635 0.519907 0.811458 0.513889 0.813281 0.510648 0.814844 0.502778 0.814323 0.501389 0.810417 0.50463 0.803385 0.513426 0.800781 0.513889 0.798958 0.513426 0.797135 0.509259 0.791146 0.5 0.786458 0.496296 0.777865 0.493056 0.767448 0.493056 0.760417 0.496296 0.755729 0.500463 0.750781 0.506019
