0 0.177604 0.609259 0.177604 0.622685 0.182552 0.632407 0.185938 0.636111 0.191146 0.639815 0.196875 0.646759 0.199479 0.646759 0.201302 0.644907 0.204089 0.654074 0.208333 0.64463 0.203906 0.635185 0.205469 0.627778 0.203906 0.622222 0.201302 0.617593 0.197135 0.6125 0.192708 0.609259 0.188021 0.607407 0.18099 0.606019
0 0.369271 0.669907 0.364844 0.663889 0.360938 0.656019 0.35651 0.651389 0.351042 0.649074 0.341667 0.65 0.33125 0.659259 0.328385 0.662963 0.322135 0.678241 0.31875 0.674074 0.317448 0.675463 0.317188 0.678704 0.31875 0.697685 0.318229 0.698611 0.317969 0.703241 0.318229 0.714352 0.320052 0.703704 0.321354 0.701389 0.322396 0.701389 0.328385 0.709722 0.333854 0.712037 0.341927 0.711574 0.345573 0.708796 0.353646 0.708333 0.354427 0.706019 0.365625 0.689352 0.367969 0.680556 0.369531 0.677315
0 0.443229 0.583796 0.442708 0.5875 0.44375 0.594444 0.454167 0.612963 0.460938 0.61713 0.46276 0.62037 0.463542 0.623611 0.466146 0.627315 0.476042 0.627315 0.477865 0.628704 0.482292 0.637963 0.486458 0.638426 0.486979 0.630093 0.490365 0.624537 0.490885 0.621296 0.486458 0.618056 0.482552 0.61713 0.48099 0.615741 0.479167 0.611574 0.478385 0.60787 0.464844 0.583796 0.463021 0.581944 0.454688 0.581944 0.451823 0.581019 0.446615 0.581481
0 0.0520833 0.419907 0.0523438 0.427778 0.0541667 0.433333 0.0570312 0.438889 0.064974 0.445093 0.0696094 0.439352 0.0679687 0.433333 0.0661458 0.427778 0.0632812 0.422685 0.0570312 0.418519 0.0526042 0.418981
0 0.451562 0.675 0.450781 0.677315 0.450781 0.684259 0.454688 0.698611 0.458333 0.706019 0.46224 0.707407 0.466927 0.705556 0.469792 0.706019 0.473698 0.70787 0.47474 0.710648 0.47474 0.703241 0.473958 0.701389 0.473698 0.697685 0.475781 0.691204 0.47526 0.689352 0.471354 0.686574 0.464583 0.673611 0.461719 0.669907 0.459635 0.668981 0.455208 0.669907
0 0.10625 0.391204 0.10625 0.4 0.107292 0.405093 0.111198 0.409722 0.114323 0.410648 0.120313 0.409722 0.125781 0.40463 0.129948 0.403704 0.13099 0.401852 0.130729 0.39213 0.126042 0.389352 0.123177 0.384722 0.119531 0.381019 0.114844 0.380093 0.111198 0.381944 0.107031 0.3875
0 0.130469 0.915278 0.129688 0.920833 0.13151 0.929167 0.132031 0.941204 0.135677 0.956019 0.138802 0.964352 0.141146 0.968981 0.149479 0.978704 0.152604 0.980556 0.157292 0.987963 0.165104 0.996759 0.165104 1 0.204687 1 0.204948 0.996296 0.213021 0.99537 0.216927 0.989815 0.216667 0.987037 0.215104 0.983333 0.203646 0.977315 0.202083 0.975926 0.199479 0.969907 0.199219 0.968056 0.20026 0.959722 0.201823 0.951852 0.203125 0.948611 0.202604 0.940741 0.197396 0.935185 0.190365 0.924074 0.182292 0.913889 0.173437 0.905556 0.164062 0.901389 0.154167 0.901389 0.139323 0.906019 0.13151 0.912963
0 0.592708 0.616204 0.58776 0.615741 0.583854 0.621759 0.582292 0.628704 0.581771 0.635185 0.582031 0.642593 0.583854 0.646296 0.588021 0.646759 0.591667 0.643981 0.595573 0.636574 0.596615 0.631481 0.595833 0.621296
0 0.442969 0.687037 0.442188 0.691667 0.443229 0.700926 0.445312 0.709259 0.448698 0.718981 0.451042 0.721759 0.454427 0.722685 0.45651 0.722222 0.459115 0.719444 0.459635 0.712037 0.459115 0.708796 0.451562 0.685185 0.446354 0.684722
0 0.428906 0.643981 0.427604 0.647685 0.428385 0.655556 0.43125 0.662963 0.433073 0.669907 0.436458 0.675 0.438542 0.67963 0.439323 0.683333 0.443229 0.687037 0.448958 0.684259 0.44974 0.676389 0.444531 0.656481 0.439063 0.647685 0.436198 0.644907 0.432292 0.642593
0 0.761979 0.510185 0.750521 0.510185 0.744531 0.513426 0.740365 0.520833 0.739323 0.524074 0.740104 0.529167 0.744271 0.530093 0.754167 0.525 0.759896 0.518056 0.761979 0.517593
