0 0.448958 0.712963 0.447396 0.716667 0.447656 0.725926 0.448698 0.73287 0.452604 0.746296 0.454948 0.750463 0.459115 0.752315 0.460938 0.749074 0.461198 0.739352 0.458854 0.725 0.457292 0.719444 0.455469 0.716667 0.451302 0.7125
0 0.256771 0.387963 0.255469 0.390741 0.255469 0.399537 0.257292 0.40787 0.259375 0.413426 0.26224 0.417593 0.265625 0.427315 0.267448 0.430556 0.269531 0.431944 0.271615 0.436574 0.273438 0.437037 0.274479 0.439352 0.274479 0.441204 0.275521 0.441204 0.275781 0.434722 0.279427 0.431481 0.279687 0.426389 0.277865 0.424537 0.276302 0.420833 0.277865 0.412963 0.275521 0.408333 0.270833 0.391667 0.267708 0.385648 0.259115 0.386574
0 0.30625 0.76713 0.30625 0.774537 0.315104 0.788426 0.322396 0.794444 0.326042 0.800463 0.328125 0.8 0.330208 0.798148 0.330469 0.794907 0.328906 0.788426 0.328906 0.780093 0.327344 0.774074 0.323698 0.766667 0.318229 0.7625 0.313021 0.761111 0.310156 0.761111
0 0.707292 0.9 0.704167 0.890278 0.703385 0.885185 0.698177 0.877778 0.693229 0.873611 0.685417 0.869444 0.679427 0.868981 0.673438 0.87037 0.664583 0.875463 0.651068 0.88375 0.653646 0.889352 0.653646 0.893519 0.654948 0.899074 0.655807 0.902685 0.654349 0.906296 0.651328 0.908704 0.647396 0.911574 0.642109 0.911481 0.641406 0.919444 0.642552 0.928611 0.646224 0.936435 0.650964 0.944167 0.655234 0.937639 0.657292 0.925463 0.658594 0.923611 0.660417 0.925 0.661979 0.927778 0.6625 0.935185 0.663281 0.9375 0.665885 0.938889 0.670052 0.937963 0.677604 0.930093 0.685937 0.930556 0.692448 0.927315 0.698177 0.922685 0.701562 0.917593 0.706771 0.913426 0.707812 0.90787
0 0.427344 0.59213 0.42526 0.593519 0.42474 0.595833 0.424479 0.601389 0.42526 0.608333 0.429167 0.621296 0.43151 0.625926 0.432292 0.625926 0.433594 0.624074 0.434115 0.621759 0.433594 0.606019 0.431771 0.596296 0.430208 0.593519
0 0.0627604 0.691204 0.0627604 0.698148 0.0645833 0.702315 0.0677083 0.705556 0.0734375 0.70787 0.0778646 0.707407 0.0817708 0.70463 0.0841146 0.701389 0.0865885 0.702824 0.0866667 0.699167 0.088125 0.697037 0.0857292 0.695556 0.0841667 0.693611 0.0841146 0.691667 0.0835937 0.690278 0.0796875 0.686574 0.0763021 0.685185 0.0682292 0.686574 0.0645833 0.688889
0 0.0770833 0.147222 0.0773438 0.156481 0.0794271 0.1625 0.0864583 0.171759 0.0919271 0.181944 0.0986979 0.1875 0.103385 0.196296 0.107552 0.194907 0.108854 0.193056 0.109375 0.190741 0.108333 0.190278 0.103906 0.181944 0.0997396 0.166204 0.0953125 0.156019 0.0927083 0.151852 0.0890625 0.148148 0.0804688 0.144444 0.0786458 0.144907
0 0.261979 0.159259 0.261458 0.163889 0.26224 0.166667 0.267708 0.175463 0.269792 0.177315 0.280208 0.182407 0.286719 0.1875 0.295573 0.188426 0.296615 0.191204 0.299219 0.192593 0.300521 0.190278 0.297917 0.183796 0.298958 0.182407 0.302604 0.181481 0.303646 0.179167 0.303906 0.176852 0.297917 0.175926 0.295833 0.174537 0.29401 0.169907 0.288281 0.164352 0.279427 0.152778 0.275 0.151852 0.266667 0.156019 0.263542 0.156481
0 0.367448 0.556944 0.367448 0.559722 0.369271 0.564352 0.372656 0.565741 0.380729 0.563889 0.384375 0.560648 0.388021 0.559259 0.388802 0.551852 0.385417 0.551389 0.379688 0.548148 0.375781 0.547685 0.373177 0.548611 0.36849 0.553241
0 0.194531 0.447685 0.194792 0.45338 0.197188 0.458981 0.201771 0.463287 0.206927 0.4675 0.210677 0.468519 0.211979 0.466667 0.2125 0.460185 0.210781 0.455417 0.210052 0.446806 0.20625 0.443056 0.197135 0.443981
0 0.951302 0.733333 0.951302 0.740278 0.957031 0.750463 0.9625 0.755093 0.973698 0.759259 0.981536 0.759815 0.986302 0.761574 0.997917 0.766944 1 0.758333 0.998177 0.758333 0.990365 0.748148 0.986719 0.744907 0.976562 0.730093 0.972917 0.726852 0.968229 0.725463 0.961979 0.725926 0.95651 0.728241 0.952344 0.731481
