0 0.0867187 0.926852 0.0807292 0.921296 0.0757812 0.921296 0.0708333 0.926389 0.0666667 0.933796 0.0664062 0.941667 0.0682292 0.944907 0.0721354 0.946296 0.0776042 0.943981 0.0815104 0.940741 0.0864583 0.934259
0 0.189661 0.690926 0.185729 0.69412 0.192682 0.708472 0.200339 0.715602 0.211458 0.714815 0.21276 0.712037 0.209115 0.7 0.206771 0.696759 0.203125 0.694444 0.200547 0.694306 0.197135 0.690741
0 0.334115 0.159722 0.332552 0.161111 0.33151 0.165741 0.33125 0.185185 0.330208 0.197685 0.33099 0.203704 0.332813 0.205556 0.335156 0.205093 0.336458 0.200463 0.338021 0.177315 0.336979 0.169907 0.335417 0.166667
0 0.563542 0.308796 0.567187 0.311111 0.567969 0.312963 0.568229 0.316204 0.572917 0.32037 0.575 0.325926 0.578125 0.32963 0.577604 0.332407 0.575521 0.335648 0.571875 0.338889 0.567708 0.339815 0.564323 0.342593 0.564063 0.343981 0.577344 0.344444 0.580208 0.342593 0.58125 0.343981 0.583594 0.344444 0.589323 0.350926 0.589323 0.356481 0.589844 0.35787 0.588542 0.360648 0.588281 0.364815 0.607292 0.366667 0.621615 0.376389 0.627865 0.377778 0.642708 0.377315 0.646875 0.375463 0.651042 0.371296 0.651823 0.368519 0.652344 0.363889 0.648958 0.352315 0.642708 0.338426 0.639062 0.335185 0.636458 0.330556 0.635417 0.322222 0.634115 0.318056 0.629427 0.3125 0.623177 0.309722 0.617708 0.308796 0.611198 0.308796 0.602604 0.310648 0.592708 0.310648 0.58776 0.307407 0.585677 0.308796 0.589583 0.322222 0.589063 0.326389 0.5875 0.327778 0.582031 0.325463 0.580469 0.322222 0.575521 0.317593 0.572396 0.312963 0.570052 0.3125 0.56901 0.308796 0.564583 0.307407
0 0 0.155556 0 0.174537 0.00182292 0.174537 0.003125 0.177315 0.0174479 0.192593 0.0216146 0.188889 0.0257812 0.188889 0.0265625 0.187963 0.0270833 0.183796 0.0239583 0.180556 0.0210938 0.169907 0.0138021 0.157407 0.0106771 0.155093
0 0.400521 0.603241 0.399219 0.600463 0.396615 0.598148 0.392448 0.597685 0.390625 0.600463 0.386979 0.610648 0.382031 0.621759 0.377604 0.628704 0.375781 0.633333 0.373437 0.635185 0.373698 0.6375 0.377083 0.639352 0.379948 0.6375 0.384896 0.6375 0.388542 0.634259 0.391667 0.627778 0.394792 0.624537 0.397917 0.618981 0.400521 0.611574
0 0.341667 0.131481 0.340104 0.135185 0.340625 0.141667 0.342448 0.149537 0.342969 0.156481 0.345573 0.171296 0.35 0.170833 0.351302 0.167593 0.351562 0.161574 0.35026 0.151389 0.34974 0.137963 0.346094 0.133333 0.345833 0.130556
0 0.167187 0.173611 0.166927 0.177778 0.169531 0.186574 0.171875 0.191204 0.177604 0.197685 0.180729 0.2 0.185677 0.207407 0.194792 0.213889 0.195833 0.215278 0.196875 0.218981 0.198437 0.218981 0.199479 0.215278 0.201302 0.212037 0.205208 0.212037 0.205208 0.211111 0.203646 0.211111 0.202604 0.209722 0.202344 0.20463 0.198177 0.200926 0.196875 0.19537 0.196615 0.190741 0.194271 0.188426 0.189583 0.180556 0.185417 0.175463 0.18125 0.172222 0.177865 0.171296 0.169271 0.171296
0 0.571354 0.1625 0.571094 0.17037 0.573438 0.178704 0.575781 0.183333 0.583073 0.193519 0.583854 0.196296 0.586458 0.2 0.58776 0.206019 0.589323 0.205093 0.591406 0.200926 0.592187 0.200926 0.595573 0.209259 0.59974 0.213426 0.6 0.208333 0.601042 0.206019 0.604688 0.205093 0.603646 0.202315 0.601302 0.2 0.59401 0.176852 0.588802 0.164352 0.586719 0.1625 0.576562 0.159722
0 0.475521 0.944444 0.474479 0.946296 0.473698 0.971296 0.472917 0.975926 0.472656 0.988889 0.471875 0.993056 0.471615 1 0.502083 1 0.502344 0.993981 0.504427 0.988889 0.502865 0.976852 0.500781 0.968981 0.498177 0.953241 0.495573 0.949074 0.492969 0.947222 0.482031 0.944907 0.478646 0.94213
