0 0.326406 0.459861 0.324505 0.470093 0.326615 0.47463 0.329427 0.477315 0.330625 0.485185 0.345573 0.497222 0.35 0.5 0.353646 0.500926 0.356771 0.499537 0.359115 0.496759 0.359375 0.489352 0.352865 0.475 0.35 0.470833 0.346615 0.468519 0.334948 0.464491 0.331771 0.464815 0.329245 0.462824
0 0.509635 0.489352 0.509635 0.496759 0.513021 0.5 0.520312 0.503704 0.529687 0.503704 0.538542 0.500463 0.541146 0.496759 0.541927 0.489815 0.541146 0.487037 0.538281 0.48287 0.533333 0.478704 0.527865 0.476852 0.520312 0.477778 0.516667 0.481944 0.515104 0.485648
0 0.109583 0.43088 0.114323 0.434722 0.117188 0.436111 0.119792 0.439352 0.122161 0.443148 0.123438 0.446296 0.124479 0.448148 0.122917 0.45 0.12013 0.448843 0.117969 0.447685 0.115885 0.446759 0.110521 0.445741 0.115104 0.45 0.11651 0.451898 0.117969 0.451852 0.120104 0.453889 0.121615 0.455093 0.126562 0.457407 0.132031 0.468981 0.133594 0.469444 0.146094 0.482407 0.153385 0.487963 0.164062 0.487963 0.165885 0.487037 0.167448 0.483796 0.167708 0.478704 0.167187 0.474537 0.16224 0.459259 0.15651 0.447685 0.15 0.443519 0.142969 0.443056 0.140885 0.440741 0.136198 0.438889 0.134896 0.436574 0.130625 0.434907 0.131771 0.443981 0.130208 0.444444 0.127448 0.44125 0.121094 0.4375 0.119245 0.43412 0.116927 0.433333 0.115365 0.431481
0 0.0643229 0.551852 0.0628906 0.558287 0.0640104 0.563981 0.0653646 0.573148 0.0658854 0.579167 0.0677083 0.590278 0.06875 0.593519 0.0721354 0.598611 0.0763021 0.599537 0.0778646 0.597222 0.0786458 0.594444 0.0778646 0.576389 0.0742188 0.56713 0.06875 0.558796 0.0684896 0.553704 0.0658854 0.551852
0 0.567969 0.49537 0.566927 0.491204 0.565625 0.489352 0.555729 0.488426 0.552344 0.489815 0.548438 0.493056 0.545156 0.49662 0.542109 0.493704 0.541458 0.498148 0.542161 0.503704 0.546901 0.503565 0.551562 0.50787 0.55625 0.510185 0.560677 0.510648 0.564844 0.509259 0.567448 0.505556 0.567969 0.503704
0 0.629687 0.850926 0.628646 0.85787 0.629687 0.864352 0.629687 0.872685 0.630729 0.876852 0.635729 0.874537 0.638802 0.874074 0.643776 0.880417 0.648385 0.886343 0.654427 0.895417 0.658333 0.901389 0.665365 0.903704 0.670052 0.902315 0.671615 0.893519 0.670573 0.885648 0.668229 0.878241 0.658333 0.856019 0.652865 0.850926 0.643229 0.847222 0.635156 0.85 0.630469 0.85
0 0.871354 0.579167 0.870573 0.587037 0.871354 0.593056 0.872656 0.597222 0.877865 0.601852 0.884375 0.609722 0.892969 0.614352 0.896354 0.6125 0.904687 0.612037 0.908333 0.609722 0.91276 0.610185 0.917448 0.60787 0.91276 0.596296 0.911458 0.586574 0.909896 0.580093 0.907552 0.576389 0.903125 0.572685 0.895833 0.569907 0.881771 0.567593 0.876563 0.572222 0.873177 0.573611
0 0.232292 0.185648 0.229948 0.190741 0.230469 0.197222 0.233333 0.206019 0.233594 0.212037 0.240365 0.233796 0.242708 0.239352 0.24375 0.240741 0.248177 0.240741 0.248958 0.239815 0.249479 0.232407 0.246354 0.212037 0.240365 0.199537 0.23776 0.196759
0 0.183594 0.742593 0.183073 0.747222 0.184115 0.753704 0.185938 0.755556 0.196094 0.759722 0.200521 0.7625 0.204948 0.76713 0.2125 0.77037 0.218229 0.769907 0.221094 0.768519 0.222396 0.766667 0.222917 0.75787 0.221875 0.751852 0.219271 0.746296 0.214323 0.741204 0.209896 0.739352 0.202344 0.738889 0.194792 0.737037 0.191927 0.735185 0.191146 0.732407 0.189323 0.72963 0.18776 0.732407 0.186979 0.737037 0.185417 0.738426
0 0.434896 0.690741 0.434635 0.698148 0.441667 0.700926 0.447656 0.705093 0.454167 0.706944 0.459635 0.706944 0.463281 0.705093 0.464323 0.697685 0.463281 0.693519 0.461979 0.690741 0.458073 0.687037 0.454948 0.686111 0.446875 0.686111 0.442188 0.687963 0.433802 0.687269
0 0.5875 0.49213 0.586458 0.493056 0.585677 0.496296 0.586198 0.50463 0.5875 0.510648 0.590625 0.516667 0.59349 0.519907 0.594531 0.524537 0.595833 0.526852 0.597917 0.524537 0.601302 0.514815 0.601562 0.508796 0.600781 0.504167 0.598437 0.496296 0.596875 0.493981 0.594531 0.492593
