0 0.415885 0.734259 0.413021 0.735694 0.414062 0.740741 0.416146 0.752778 0.419792 0.761574 0.422474 0.767963 0.424896 0.765602 0.424219 0.75787 0.422917 0.746296 0.419531 0.736574
0 0.510677 0.906019 0.510677 0.913889 0.513542 0.920833 0.516406 0.925463 0.51849 0.931019 0.51901 0.934259 0.521354 0.939352 0.525 0.942593 0.529167 0.941204 0.532031 0.94537 0.533333 0.949074 0.536979 0.953704 0.541146 0.955556 0.542448 0.95 0.544271 0.948148 0.545312 0.940741 0.542708 0.937037 0.541146 0.92963 0.538021 0.924537 0.53724 0.919444 0.535677 0.91713 0.534375 0.912963 0.530469 0.909722 0.529687 0.906944 0.527891 0.905046 0.526224 0.902917 0.524219 0.903704 0.521536 0.9025 0.518229 0.901389 0.514323 0.901852
0 0.319792 0.60787 0.31849 0.611574 0.318229 0.614815 0.320807 0.625926 0.326042 0.631481 0.328385 0.635648 0.331797 0.644583 0.334375 0.64213 0.335156 0.640278 0.335417 0.635185 0.333073 0.630093 0.330469 0.618519 0.328906 0.614352 0.326302 0.609722 0.323698 0.607407
0 0.304297 0.756111 0.302344 0.753241 0.30026 0.752315 0.295495 0.753148 0.291406 0.758796 0.286979 0.759259 0.286719 0.761574 0.2875 0.762963 0.287474 0.766898 0.29375 0.767593 0.298958 0.76713 0.301302 0.764815 0.302865 0.761574
0 0.131146 0.718519 0.129245 0.713426 0.127448 0.713194 0.125469 0.714907 0.123698 0.714907 0.12099 0.718426 0.118229 0.721296 0.117188 0.723148 0.111771 0.726065 0.106042 0.732037 0.105755 0.741435 0.114818 0.733981 0.118932 0.733981 0.122682 0.731759 0.12474 0.728241 0.127005 0.725741 0.129505 0.7225
0 0.169531 0.697685 0.167292 0.699954 0.166927 0.70463 0.167448 0.714352 0.169792 0.721759 0.172917 0.728704 0.179844 0.74125 0.184766 0.735602 0.18125 0.721759 0.18125 0.711111 0.179427 0.705556 0.176042 0.7 0.173958 0.698148
0 0.409375 0.871296 0.404687 0.868519 0.398958 0.868056 0.396354 0.868519 0.390365 0.873148 0.377005 0.890139 0.379427 0.898611 0.379948 0.903704 0.38099 0.90463 0.38724 0.896296 0.392708 0.89537 0.404427 0.885648 0.409375 0.878704
0 0.177865 0.754167 0.173698 0.753704 0.165625 0.765278 0.158698 0.764491 0.157708 0.774537 0.170833 0.775463 0.173958 0.774074 0.176302 0.771296 0.178646 0.766667 0.179688 0.760648
0 0.51875 0.632407 0.51849 0.635648 0.51901 0.6375 0.522396 0.643056 0.52526 0.644444 0.533594 0.64537 0.536979 0.647685 0.542188 0.651157 0.546615 0.647222 0.547656 0.649537 0.549479 0.649537 0.549219 0.646759 0.548177 0.644444 0.548177 0.64213 0.549479 0.639352 0.54974 0.635185 0.546615 0.634259 0.547292 0.629537 0.541406 0.627778 0.533333 0.622222 0.529167 0.621296 0.525 0.623611 0.520052 0.628241
0 0.502865 0.975 0.502604 0.983796 0.503385 0.986574 0.504948 0.989352 0.511458 0.996296 0.514219 0.998935 0.529167 1 0.529167 0.996296 0.523958 0.988889 0.514062 0.975 0.509896 0.971296 0.50599 0.971296
0 0.439063 0.653241 0.438802 0.656944 0.439323 0.658796 0.441927 0.662963 0.446875 0.66713 0.45625 0.67037 0.462526 0.6725 0.470573 0.673148 0.472135 0.672685 0.473958 0.67037 0.475703 0.666481 0.467448 0.661574 0.466953 0.657269 0.454688 0.647222 0.452083 0.645833 0.446875 0.646296 0.441406 0.649074
