0 0.388021 0.484722 0.380208 0.481944 0.376823 0.484722 0.37526 0.489352 0.373958 0.496296 0.374219 0.504167 0.376823 0.510185 0.38099 0.511111 0.383073 0.50787 0.389323 0.503704 0.388542 0.496759 0.389844 0.488889 0.389323 0.486574
0 0.516406 0.39213 0.517448 0.39537 0.518646 0.398241 0.520052 0.401389 0.522135 0.406481 0.520312 0.408796 0.517708 0.409722 0.516146 0.413426 0.52526 0.413426 0.527604 0.416204 0.528385 0.42037 0.548698 0.42037 0.551562 0.415278 0.552865 0.410648 0.552865 0.403704 0.551302 0.399537 0.548958 0.396296 0.544531 0.394907 0.535156 0.398148 0.52474 0.398611 0.522917 0.397685 0.521615 0.39537 0.520729 0.394537 0.519792 0.39213
0 0.434375 0.776852 0.427344 0.768519 0.420052 0.765278 0.411979 0.766204 0.401562 0.774074 0.398698 0.779167 0.394271 0.784259 0.389062 0.793056 0.385937 0.801852 0.384896 0.808333 0.384635 0.816204 0.388281 0.830093 0.388802 0.8375 0.391146 0.843519 0.395052 0.849537 0.4 0.853704 0.403906 0.856019 0.408333 0.855556 0.41224 0.851389 0.416927 0.851852 0.419792 0.848611 0.421354 0.839815 0.423958 0.831481 0.427604 0.844907 0.429427 0.843981 0.430729 0.839815 0.433073 0.820833 0.4375 0.802778 0.43724 0.793981 0.439063 0.783796 0.439063 0.781019
0 0.120833 0.406019 0.121094 0.413426 0.123516 0.419213 0.129167 0.423935 0.135677 0.424537 0.138281 0.427315 0.141589 0.429444 0.148958 0.42963 0.151458 0.432778 0.151042 0.427685 0.154115 0.423565 0.148542 0.414074 0.138542 0.408333 0.131771 0.40463 0.126823 0.404167
0 0.120911 0.893102 0.115365 0.894907 0.111198 0.888426 0.10625 0.884259 0.102865 0.883333 0.0979167 0.885185 0.0882813 0.89213 0.0869792 0.894907 0.0864583 0.900463 0.0877604 0.90463 0.0903646 0.906481 0.0979167 0.906944 0.108073 0.904167 0.11224 0.900926 0.119922 0.901759
0 0.400521 0.423148 0.398698 0.424074 0.396354 0.42963 0.393229 0.434259 0.392448 0.437037 0.392448 0.443519 0.396875 0.444444 0.401562 0.438889 0.402604 0.434722 0.402083 0.426389
0 0.171875 0.399074 0.171354 0.406481 0.174219 0.413426 0.179688 0.42037 0.186458 0.425 0.195833 0.434722 0.204687 0.4375 0.207813 0.441204 0.213281 0.441667 0.214844 0.436574 0.216667 0.436111 0.218229 0.434259 0.214583 0.426852 0.210677 0.424074 0.209115 0.417593 0.207292 0.413426 0.201302 0.402778 0.19349 0.392593 0.18776 0.391667 0.177604 0.393519 0.173698 0.396296
0 0.421875 0.495833 0.422656 0.503241 0.423698 0.505093 0.434375 0.508333 0.443229 0.509259 0.452865 0.508796 0.455208 0.50787 0.457552 0.503704 0.456771 0.498148 0.452604 0.489352 0.447396 0.485648 0.441406 0.484722 0.435417 0.485648 0.43125 0.489815 0.423698 0.491667 0.422396 0.493519
0 0.503646 0.430093 0.498437 0.423611 0.493229 0.423611 0.4875 0.426852 0.483073 0.431944 0.48151 0.434722 0.479948 0.439815 0.479167 0.447222 0.477943 0.455787 0.482292 0.456481 0.490625 0.455556 0.498177 0.450463 0.502083 0.445833 0.503646 0.44213 0.504167 0.4375
0 0.919531 0.515741 0.916146 0.51713 0.914323 0.518981 0.906016 0.529769 0.908594 0.551389 0.911198 0.566204 0.915885 0.574074 0.921094 0.577315 0.923177 0.582546 0.924922 0.580787 0.92474 0.572685 0.928125 0.560648 0.929167 0.544907 0.927865 0.541204 0.923958 0.520833 0.922135 0.51713
0 0.0627865 0.448194 0.06 0.445741 0.058099 0.435648 0.0526823 0.435139 0.0497396 0.434259 0.0388021 0.437315 0.0356771 0.439028 0.0335156 0.441852 0.031875 0.445602 0.0313542 0.449676 0.0315104 0.455556 0.0330729 0.458796 0.0369792 0.461111 0.0492187 0.460185 0.0528646 0.455556 0.0591667 0.460787 0.060625 0.456991 0.0620052 0.454537
0 0.481771 0.618981 0.479948 0.615741 0.478125 0.614815 0.472917 0.619444 0.46849 0.628241 0.469271 0.635648 0.470313 0.636574 0.475 0.636574 0.478125 0.631019 0.480469 0.628241 0.482292 0.622222
