0 0.359896 0.280556 0.364323 0.288426 0.36875 0.289815 0.38651 0.288704 0.385937 0.283796 0.395781 0.284213 0.396562 0.274815 0.38763 0.26963 0.38125 0.26713 0.373698 0.265278 0.368229 0.265278 0.366146 0.266204 0.365104 0.268056 0.364323 0.271759
0 0.624427 0.674306 0.623437 0.678704 0.622734 0.682963 0.62474 0.689352 0.627083 0.705093 0.628906 0.708333 0.630729 0.709722 0.634896 0.709259 0.636198 0.705556 0.635938 0.697685 0.634896 0.693056 0.63099 0.686574 0.627083 0.677315
0 0.468333 0.635324 0.474271 0.643704 0.475781 0.648611 0.475781 0.65 0.474479 0.651852 0.468385 0.649907 0.469245 0.652269 0.477865 0.657407 0.480469 0.662963 0.47763 0.664352 0.485156 0.670833 0.492448 0.675463 0.500521 0.684259 0.505469 0.687037 0.513281 0.687963 0.514844 0.6875 0.516667 0.685185 0.516667 0.677778 0.515625 0.673148 0.511979 0.664352 0.509896 0.655093 0.50599 0.649074 0.498958 0.64537 0.490625 0.643981 0.486719 0.640741 0.482708 0.639491 0.482552 0.645833 0.48125 0.64537 0.479349 0.643981 0.476302 0.641667 0.47474 0.639352
0 0.271875 0.748611 0.270313 0.747222 0.261589 0.748287 0.256172 0.75213 0.255599 0.758796 0.259792 0.761343 0.269271 0.761111 0.271615 0.757407 0.272656 0.753704
0 0.542292 0.500648 0.541016 0.509213 0.544792 0.52037 0.546354 0.523148 0.550521 0.525926 0.552865 0.529167 0.556771 0.52963 0.559375 0.525926 0.559635 0.522222 0.558854 0.51713 0.557552 0.513426 0.556771 0.506944 0.55599 0.505556 0.553906 0.504167 0.545052 0.501852
0 0.180469 0.669444 0.179948 0.679167 0.18151 0.689352 0.184115 0.693519 0.185417 0.704352 0.189844 0.701481 0.195312 0.690741 0.19625 0.683333 0.195833 0.677778 0.19349 0.673148 0.189661 0.670278 0.184635 0.664537 0.18151 0.667593
0 0.383073 0.496296 0.373698 0.491667 0.364844 0.489815 0.358854 0.493981 0.345573 0.497685 0.326302 0.508796 0.322917 0.51713 0.322917 0.524537 0.326042 0.52963 0.329688 0.53287 0.334635 0.535185 0.345313 0.537963 0.36276 0.536574 0.368229 0.540278 0.369531 0.540278 0.373177 0.5375 0.377083 0.531019 0.379167 0.532407 0.380729 0.535185 0.382031 0.535185 0.383594 0.532407 0.382031 0.525926 0.382031 0.523611 0.384115 0.517593 0.383073 0.508796
0 0.739583 0.636944 0.735677 0.631944 0.733333 0.630093 0.730729 0.630556 0.724479 0.637037 0.720313 0.639815 0.716927 0.64537 0.703125 0.656481 0.700521 0.660648 0.7 0.662963 0.701042 0.670833 0.705208 0.681019 0.709635 0.681944 0.713802 0.67963 0.721615 0.663426 0.723021 0.660139 0.72474 0.656944 0.726302 0.653241 0.732552 0.647685 0.736458 0.640741
0 0.294271 0.534722 0.291224 0.537315 0.289297 0.540556 0.288177 0.542963 0.286979 0.544444 0.285677 0.548148 0.282813 0.552315 0.28151 0.558796 0.282552 0.566204 0.284896 0.566204 0.286719 0.562963 0.289062 0.551852 0.289062 0.549537 0.289844 0.547222 0.290755 0.545602 0.291667 0.541667 0.293229 0.538426
0 0.361458 0.252778 0.357031 0.252315 0.351562 0.259259 0.346354 0.261574 0.34375 0.264352 0.345573 0.270833 0.343958 0.281065 0.347656 0.281019 0.348958 0.281481 0.349323 0.285972 0.353646 0.281944 0.355729 0.280093 0.359896 0.278704 0.3625 0.275 0.365625 0.266667 0.365312 0.260324 0.3625 0.257407
0 0.157812 0.728704 0.157031 0.73287 0.159635 0.744444 0.163802 0.755556 0.165625 0.758796 0.171615 0.75787 0.177865 0.758796 0.179688 0.756944 0.18125 0.753704 0.179948 0.745833 0.176563 0.737963 0.172656 0.734722 0.164062 0.731019 0.159661 0.723843
0 0.571875 0.861111 0.572682 0.869491 0.572135 0.875231 0.569219 0.876528 0.572057 0.879954 0.578646 0.880093 0.579167 0.887731 0.592969 0.899537 0.599219 0.902778 0.603906 0.902778 0.607031 0.899537 0.606771 0.890741 0.604427 0.880093 0.602344 0.874537 0.6 0.873148 0.595573 0.873148 0.590365 0.869907 0.582031 0.864352 0.579427 0.867593 0.577083 0.864352 0.573958 0.863426 0.572396 0.860648
