0 0.345052 0.408796 0.34349 0.4125 0.34401 0.419907 0.345573 0.422222 0.35 0.425 0.353646 0.422222 0.354687 0.419907 0.354948 0.412963 0.35 0.407407
0 0.101562 0.210648 0.101562 0.2125 0.102865 0.215278 0.10651 0.218519 0.110937 0.220833 0.117188 0.218981 0.11849 0.216667 0.120547 0.212037 0.114844 0.205556 0.111719 0.202778 0.107031 0.202778 0.103125 0.206481
0 0.105208 0.176852 0.107292 0.185185 0.110937 0.188426 0.114583 0.189815 0.117448 0.189352 0.123125 0.193426 0.123698 0.186435 0.11849 0.176852 0.115104 0.172685 0.11224 0.171759 0.107813 0.172222
0 0.599479 0.776852 0.598437 0.781019 0.599219 0.788426 0.603646 0.794907 0.608073 0.797222 0.610677 0.79537 0.613021 0.790741 0.613542 0.788426 0.613281 0.781019 0.607292 0.775926 0.602604 0.775
0 0.579948 0.76713 0.58099 0.775463 0.584115 0.77963 0.591667 0.77963 0.593229 0.775926 0.592969 0.769907 0.591406 0.76713 0.585156 0.765278
0 0.318229 0.346759 0.316146 0.350463 0.316146 0.35787 0.318229 0.361111 0.321094 0.3625 0.322917 0.3625 0.32474 0.360648 0.325781 0.35787 0.325521 0.349537 0.322656 0.346296
0 0.210156 0.287963 0.213281 0.293519 0.216667 0.295833 0.224766 0.296019 0.221615 0.2875 0.217708 0.281019 0.213021 0.281481
0 0.153646 0.197685 0.153385 0.205093 0.157812 0.209722 0.161979 0.210648 0.166146 0.210185 0.170104 0.209815 0.172005 0.205787 0.166927 0.198148 0.161979 0.194444 0.157812 0.193981
0 0.928646 0.565278 0.925 0.562963 0.919792 0.562963 0.913802 0.565741 0.911979 0.568981 0.911458 0.571759 0.911198 0.580093 0.9125 0.590278 0.915625 0.593519 0.920052 0.593519 0.927344 0.590278 0.930208 0.587037 0.932292 0.581019 0.932292 0.577778 0.93099 0.569907
0 0.0997396 0.246296 0.100521 0.253241 0.104427 0.258333 0.10651 0.259259 0.110417 0.258796 0.11224 0.25787 0.115365 0.253704 0.114323 0.246296 0.108333 0.241667 0.102865 0.241667 0.101302 0.243056
0 0.0338542 0.24537 0.0338542 0.246759 0.0361979 0.250926 0.0414062 0.253704 0.0477865 0.256898 0.0519531 0.261204 0.0555469 0.255787 0.0532812 0.253194 0.0515625 0.251389 0.0486979 0.249537 0.0473958 0.245833 0.0450521 0.241667 0.0365625 0.23912 0.0351562 0.24213
0 0.392969 0.46713 0.391406 0.475463 0.392708 0.480093 0.39974 0.485185 0.404427 0.48287 0.404687 0.475463 0.401823 0.465741 0.400781 0.464352 0.396094 0.462963
0 0.245312 0.318056 0.244792 0.323611 0.247656 0.327315 0.251563 0.328704 0.253646 0.328241 0.255469 0.326852 0.256771 0.323148 0.25599 0.32037 0.253385 0.315741 0.251563 0.314352 0.247917 0.313889 0.246094 0.315741
0 0.921354 0.614352 0.925781 0.618519 0.934115 0.621296 0.939583 0.621296 0.942187 0.615278 0.941927 0.613426 0.939583 0.609259 0.935677 0.606944 0.928646 0.607407 0.923438 0.611574
0 0.471615 0.56713 0.471094 0.574537 0.473698 0.581019 0.478385 0.584259 0.482552 0.58287 0.482552 0.574074 0.480729 0.57037 0.476562 0.566204 0.473698 0.565741
