0 0.298177 0.621296 0.298438 0.628704 0.300781 0.634722 0.314844 0.643519 0.320573 0.64537 0.326562 0.644907 0.330729 0.642593 0.332031 0.638426 0.332292 0.634259 0.33151 0.631019 0.329948 0.628241 0.326302 0.617593 0.322396 0.611574 0.318229 0.610185 0.30625 0.609259 0.302604 0.611574 0.301563 0.613426 0.30026 0.619444
0 0.455208 0.489352 0.455208 0.496759 0.458854 0.501389 0.46224 0.502778 0.465365 0.510648 0.467708 0.514352 0.473958 0.519444 0.479687 0.521296 0.483854 0.527315 0.486198 0.528241 0.499219 0.528241 0.501563 0.527315 0.504167 0.524537 0.503906 0.51713 0.501563 0.507407 0.496094 0.494444 0.492969 0.489352 0.486198 0.485185 0.472917 0.483333 0.46901 0.483796 0.465885 0.487037 0.463802 0.487963 0.458854 0.484722 0.45625 0.487037
0 0.646615 0.517593 0.642708 0.5125 0.638802 0.509722 0.630208 0.508796 0.628385 0.510185 0.626823 0.5125 0.626042 0.516204 0.626042 0.535185 0.625 0.537037 0.619271 0.537963 0.617188 0.541204 0.615365 0.553704 0.613802 0.557407 0.613542 0.559722 0.615365 0.5625 0.616927 0.563426 0.627083 0.564352 0.634635 0.560185 0.642708 0.562037 0.646354 0.558796 0.648958 0.548148 0.64974 0.539352 0.649219 0.527778
0 0.483151 0.394352 0.482292 0.397685 0.478932 0.402454 0.479766 0.405185 0.480208 0.406944 0.481771 0.409259 0.484375 0.42037 0.490885 0.435185 0.49401 0.437963 0.497917 0.437037 0.498698 0.434722 0.498698 0.431481 0.496354 0.412963 0.491927 0.405556 0.488021 0.402315 0.486458 0.399074 0.48487 0.398287
0 0.660937 0.818981 0.659115 0.821759 0.658854 0.831019 0.660156 0.84213 0.6625 0.852315 0.663021 0.872685 0.664323 0.875926 0.666146 0.876389 0.670052 0.870833 0.676562 0.855556 0.678646 0.84537 0.679688 0.834722 0.678646 0.82963 0.673438 0.822222 0.670312 0.819907 0.665365 0.82037
0 0.341667 0.606481 0.341406 0.609259 0.339323 0.614815 0.341927 0.621296 0.344271 0.624537 0.347135 0.631944 0.34974 0.636574 0.357552 0.64537 0.361198 0.647222 0.365365 0.646296 0.367188 0.642593 0.366406 0.636574 0.363021 0.628241 0.358333 0.619444 0.348958 0.6125 0.345313 0.608333
0 0.0447917 0.679167 0.0440104 0.681944 0.0447917 0.696759 0.0489583 0.715278 0.0528646 0.722222 0.0565104 0.725926 0.0606771 0.724074 0.0617188 0.719444 0.0617188 0.709259 0.0606771 0.701389 0.0591146 0.695833 0.0528646 0.685648
0 0.175521 0.516667 0.173698 0.520833 0.174531 0.530463 0.176302 0.539954 0.175781 0.547222 0.176563 0.550926 0.177865 0.564352 0.179427 0.573611 0.183073 0.580556 0.185417 0.58287 0.189557 0.586065 0.19362 0.582546 0.196094 0.572685 0.189323 0.541667 0.185417 0.534259 0.183854 0.533333 0.182031 0.530093 0.180208 0.525 0.178906 0.51713 0.177865 0.515278
0 0.0408854 0.881944 0.0408854 0.913889 0.04375 0.926852 0.0463542 0.934722 0.0489583 0.938889 0.0520833 0.941204 0.0567708 0.939815 0.0588542 0.935648 0.0601563 0.928704 0.0601563 0.919907 0.0588542 0.908796 0.0572917 0.903704 0.0541667 0.897222 0.0455729 0.885185 0.0450521 0.881481
0 0.279167 0.385648 0.279167 0.399074 0.278385 0.409259 0.276302 0.424074 0.274219 0.43287 0.274219 0.437963 0.275 0.441204 0.276302 0.441204 0.279427 0.437963 0.281771 0.428241 0.282031 0.413426 0.283333 0.406481 0.283333 0.390278 0.282292 0.387037
