0 0.466927 0.45 0.464062 0.451389 0.461458 0.457407 0.460417 0.461111 0.460677 0.466204 0.461458 0.468056 0.463281 0.468519 0.464844 0.46713 0.466406 0.463889 0.467969 0.456944 0.467969 0.452778
0 0.110286 0.492037 0.116068 0.504167 0.11901 0.509722 0.122135 0.514815 0.127214 0.522824 0.134323 0.523704 0.135365 0.517593 0.134375 0.510185 0.132292 0.502315 0.126094 0.493056 0.119297 0.485231 0.11276 0.481481
0 0.182109 0.615278 0.182526 0.622222 0.192109 0.620509 0.204427 0.618056 0.209896 0.614815 0.210677 0.607407 0.207552 0.6 0.204167 0.596296 0.201563 0.594907 0.19349 0.599259 0.188438 0.604954
0 0.732292 0.443519 0.729062 0.448981 0.732552 0.455093 0.734115 0.456019 0.735938 0.459259 0.738802 0.468981 0.742188 0.475926 0.747135 0.48287 0.750781 0.485185 0.753385 0.485185 0.75625 0.48287 0.75599 0.475463 0.754948 0.473148 0.753385 0.465278 0.751563 0.461574 0.744271 0.45463 0.741667 0.454167 0.739062 0.452315 0.736458 0.446759 0.734896 0.446296
0 0.398177 0.676852 0.396094 0.672685 0.392188 0.668519 0.389583 0.66713 0.385417 0.667593 0.376823 0.670833 0.37474 0.675 0.372917 0.684259 0.37526 0.688889 0.378906 0.691204 0.392708 0.691667 0.396094 0.688889 0.398177 0.684259
0 0.562005 0.000787037 0.563021 0.010463 0.560339 0.0131944 0.557813 0.0153241 0.559375 0.0180556 0.5625 0.0240741 0.565885 0.037037 0.571875 0.0513889 0.575521 0.0555556 0.579948 0.0555556 0.58125 0.0518519 0.582031 0.0458333 0.582031 0.037037 0.58099 0.0310185 0.575781 0.0217593 0.570833 0.0157407
0 0.255729 0.654769 0.257031 0.65963 0.263021 0.663426 0.274245 0.664676 0.28 0.662824 0.28099 0.656574 0.277344 0.650926 0.27526 0.647685 0.271875 0.646296 0.26849 0.643056 0.264062 0.644444 0.256224 0.648102
0 0.198958 0.357407 0.19349 0.350463 0.189583 0.352315 0.188281 0.355093 0.185417 0.358333 0.184896 0.365278 0.185417 0.36713 0.188542 0.368981 0.19349 0.368056 0.197656 0.364352
0 0.121354 0.438426 0.125807 0.437037 0.129714 0.444861 0.133333 0.447685 0.138021 0.45463 0.140365 0.462037 0.141146 0.467593 0.143255 0.477963 0.137682 0.485278 0.133229 0.477407 0.130911 0.471296 0.127865 0.464352 0.126823 0.462037 0.126562 0.455556 0.124245 0.450972 0.122839 0.446528
0 0.426042 0.259491 0.42362 0.262361 0.420495 0.267037 0.41901 0.271296 0.417187 0.274074 0.415885 0.278704 0.415885 0.285185 0.418229 0.2875 0.421589 0.281343 0.42474 0.267593
0 0.926302 0.5375 0.927604 0.54213 0.930469 0.545833 0.934635 0.549537 0.939323 0.551389 0.946094 0.55 0.951302 0.546759 0.957292 0.54537 0.958594 0.538426 0.95599 0.535648 0.950781 0.533333 0.945833 0.529167 0.940625 0.527315 0.935417 0.528704 0.93151 0.533333 0.927865 0.533796
0 0.216667 0.647917 0.209427 0.643333 0.203385 0.646528 0.206667 0.664815 0.210964 0.68287 0.21875 0.696759 0.225547 0.696343 0.225 0.682407 0.223438 0.668056 0.221094 0.663426
0 0.42526 0.288426 0.420833 0.286435 0.421875 0.291991 0.424219 0.297222 0.427083 0.302778 0.428646 0.308796 0.429427 0.315278 0.436719 0.337037 0.439583 0.343981 0.446354 0.355093 0.45026 0.35787 0.451823 0.35787 0.453125 0.35463 0.453646 0.35 0.451302 0.328241 0.44974 0.321759 0.446094 0.314352 0.440365 0.306481 0.439583 0.303241 0.435677 0.297222 0.431771 0.294444 0.427604 0.285046 0.424297 0.278704
0 0.526302 0.403426 0.52349 0.401667 0.521094 0.403241 0.51901 0.405093 0.515885 0.406019 0.514062 0.408333 0.511745 0.404537 0.502865 0.409722 0.494271 0.411574 0.490104 0.413889 0.485156 0.419907 0.477865 0.433333 0.475781 0.439815 0.476042 0.444444 0.477865 0.447685 0.48151 0.448611 0.486458 0.448148 0.490104 0.446296 0.497917 0.438889 0.509635 0.42963 0.5125 0.423148 0.514844 0.420833 0.517188 0.42037 0.524844 0.413241 0.522656 0.409259
0 0.470703 0.142593 0.466276 0.141389 0.460495 0.143704 0.452083 0.144444 0.443229 0.144907 0.433854 0.148148 0.427344 0.148611 0.41987 0.150139 0.410286 0.154722 0.423438 0.158333 0.428646 0.158333 0.446875 0.15463 0.45763 0.149676 0.463021 0.148148 0.467083 0.14537
0 0.0966146 0.099537 0.0955729 0.102315 0.0955729 0.108333 0.0976562 0.112037 0.100521 0.119907 0.103385 0.133796 0.105469 0.137963 0.107292 0.143981 0.110156 0.15 0.115365 0.157407 0.119271 0.158333 0.121615 0.156481 0.121354 0.148611 0.119792 0.14213 0.118229 0.127315 0.115885 0.123148 0.109635 0.115741 0.107552 0.111574 0.105729 0.110648 0.102344 0.106019 0.0997396 0.0986111
