0 0.748437 0.731944 0.747396 0.725463 0.744792 0.721296 0.742188 0.718981 0.733333 0.716204 0.724219 0.71713 0.719792 0.72037 0.716406 0.721296 0.713281 0.724074 0.710677 0.727778 0.708594 0.733333 0.705208 0.736111 0.70026 0.735185 0.696615 0.737037 0.694531 0.741667 0.69349 0.747222 0.695312 0.750926 0.697135 0.752778 0.70026 0.752315 0.703385 0.749537 0.710417 0.745833 0.716146 0.74537 0.725 0.74213 0.735156 0.740741 0.740104 0.7375 0.745313 0.735648 0.748177 0.733333
0 0.00520833 0.075 0.00260417 0.0796296 0.00208333 0.0842593 0 0.0847222 0 0.0972222 0.00208333 0.0976852 0.00260417 0.102778 0.00416667 0.10787 0.00572917 0.110648 0.00859375 0.109722 0.0135417 0.110648 0.0148437 0.1125 0.0153646 0.114815 0.0174479 0.118056 0.01875 0.118519 0.0213542 0.123611 0.0244792 0.123148 0.0252604 0.121296 0.0234375 0.12037 0.0221354 0.118056 0.0216146 0.112037 0.0234375 0.108796 0.0286458 0.107407 0.0257812 0.104167 0.0234375 0.103704 0.0208333 0.100463 0.01875 0.1 0.0177083 0.0981481 0.0166667 0.0935185 0.0140625 0.0888889 0.00989583 0.0763889 0.00729167 0.074537
0 0.0863281 0.480139 0.0901042 0.483333 0.0916667 0.485185 0.0955729 0.487037 0.1 0.494907 0.102604 0.497685 0.106771 0.50463 0.115625 0.510648 0.121615 0.510648 0.122135 0.502778 0.120313 0.496759 0.116146 0.489352 0.107813 0.483796 0.0994792 0.481944 0.0958333 0.479167 0.0908333 0.473148
0 0.103125 0.321667 0.107292 0.325 0.110677 0.326389 0.116667 0.326389 0.122135 0.325 0.127083 0.321296 0.132292 0.319444 0.133854 0.31713 0.136901 0.311343 0.132552 0.311111 0.129167 0.308796 0.123698 0.307407 0.119792 0.305093 0.114844 0.30463 0.111458 0.306944 0.107292 0.311574 0.104688 0.315741
0 0.325781 0.239352 0.323177 0.237037 0.31901 0.238426 0.316146 0.237963 0.315104 0.235648 0.315104 0.233333 0.314063 0.230093 0.310677 0.226852 0.30625 0.225463 0.303646 0.228704 0.302865 0.23287 0.295573 0.246296 0.295312 0.25463 0.297135 0.261574 0.298698 0.264352 0.302083 0.266667 0.306771 0.263889 0.309635 0.264815 0.3125 0.264352 0.313802 0.2625 0.314583 0.256481 0.315365 0.255093 0.320052 0.253704 0.31875 0.247685 0.31901 0.244907 0.320833 0.24213
0 0.0625 0.91713 0.0604167 0.916667 0.0598958 0.924537 0.0570312 0.938426 0.0492187 0.947685 0.0393229 0.963426 0.0273438 0.989352 0.0273438 0.991667 0.0260417 0.996296 0.0260417 1 0.0526042 1 0.0533854 0.990741 0.0554687 0.986111 0.05625 0.982407 0.0565104 0.975926 0.0580729 0.965278 0.0601563 0.9625 0.0645833 0.961111 0.065625 0.956944 0.0653646 0.946759 0.0627604 0.927778 0.0632812 0.918519
0 0.0526042 0.743981 0.0513021 0.746296 0.0510417 0.753704 0.053125 0.768056 0.0604167 0.781019 0.0658854 0.784722 0.0669271 0.788426 0.0684896 0.790741 0.0700521 0.787963 0.0710937 0.77625 0.06875 0.760185 0.0677083 0.753241 0.0648438 0.749074 0.0570312 0.743981
0 0.527891 0.332407 0.523698 0.334722 0.521094 0.334722 0.51849 0.336574 0.516667 0.336574 0.516432 0.33412 0.51224 0.336111 0.502604 0.338426 0.491406 0.343519 0.488542 0.347685 0.486198 0.354167 0.480208 0.364815 0.478646 0.372222 0.480208 0.375926 0.483854 0.378704 0.491406 0.379167 0.502604 0.371759 0.511198 0.364352 0.516927 0.35787 0.518229 0.351852 0.519531 0.350926 0.522734 0.348241 0.526927 0.34338 0.522135 0.343981
0 0.505208 0.739352 0.503125 0.737963 0.496875 0.730093 0.490104 0.727778 0.481771 0.732407 0.474297 0.736435 0.473958 0.74213 0.470573 0.743519 0.463307 0.742037 0.467552 0.744907 0.46849 0.747685 0.466016 0.7575 0.470573 0.755556 0.476302 0.754167 0.478385 0.752315 0.48151 0.75463 0.488542 0.754167 0.494271 0.751389 0.498437 0.750926 0.504948 0.746759
0 0.176302 0.646759 0.173177 0.648148 0.171615 0.652778 0.170833 0.665278 0.170833 0.67963 0.173177 0.680463 0.174818 0.688102 0.177865 0.693519 0.179688 0.691204 0.180469 0.687963 0.182292 0.672222 0.182552 0.662037 0.18125 0.649537 0.178385 0.646759
