0 0.551276 0.745741 0.548958 0.742593 0.545052 0.736574 0.540625 0.734722 0.539583 0.736111 0.536979 0.737037 0.533333 0.741204 0.52013 0.738565 0.516875 0.756204 0.52487 0.756065 0.530469 0.753704 0.534375 0.756019 0.540104 0.7625 0.541667 0.762963 0.549219 0.756481 0.550521 0.754167 0.551302 0.75
0 0.303906 0.768426 0.305208 0.775 0.30651 0.779167 0.315312 0.784259 0.317969 0.788426 0.325391 0.797963 0.325937 0.789769 0.327734 0.78463 0.32263 0.780046 0.319401 0.776111 0.314818 0.766991 0.308568 0.764815 0.305469 0.765093
0 0.0757812 0.79213 0.0752604 0.794444 0.0755208 0.797222 0.0786458 0.805556 0.0877604 0.815741 0.0924479 0.815741 0.09375 0.814352 0.0965625 0.81912 0.1 0.813333 0.0981771 0.805231 0.0958333 0.798148 0.0940625 0.794907 0.0911458 0.791667 0.0859375 0.789815 0.0791667 0.789352 0.0770833 0.790278
0 0.505469 0.777778 0.501302 0.777315 0.493229 0.78287 0.491406 0.786111 0.489844 0.79537 0.490885 0.799074 0.492448 0.801389 0.497917 0.805556 0.502083 0.802315 0.505469 0.801852 0.506771 0.795833 0.50625 0.780093
0 0.386979 0.812731 0.377083 0.819907 0.372656 0.819444 0.361719 0.82963 0.353906 0.850463 0.353125 0.85787 0.365365 0.858333 0.369792 0.848148 0.373177 0.843981 0.375521 0.838426 0.38151 0.830556 0.385599 0.829213 0.383594 0.822685 0.384896 0.818981
0 0.0622396 0.89213 0.0622396 0.899537 0.0677083 0.908333 0.0716146 0.911574 0.0752604 0.9125 0.0833333 0.911574 0.0872656 0.910602 0.0900521 0.903889 0.0872396 0.898148 0.0822917 0.888426 0.0807292 0.887037 0.0765625 0.885648 0.06875 0.886111 0.0643229 0.888889
0 0.215365 0.711574 0.217708 0.726852 0.219792 0.730093 0.223177 0.73287 0.227865 0.734259 0.232552 0.734259 0.236458 0.731481 0.239323 0.725926 0.239063 0.718056 0.2375 0.712963 0.233854 0.708333 0.229427 0.70463 0.224479 0.703241 0.21888 0.705556 0.216667 0.709259
0 0.140625 0.641667 0.138542 0.637963 0.134115 0.636574 0.126823 0.637037 0.121875 0.638889 0.11276 0.649074 0.107813 0.656019 0.105729 0.663426 0.115365 0.663426 0.127344 0.659722 0.134896 0.653704 0.139844 0.646296
0 0.332292 0.697685 0.330469 0.69537 0.326823 0.69537 0.315182 0.699583 0.312083 0.708056 0.31474 0.713194 0.318229 0.713889 0.321875 0.715278 0.325781 0.713148 0.329401 0.708889 0.331771 0.706019
0 0.30026 0.663519 0.302943 0.667037 0.31224 0.67037 0.314323 0.673148 0.316146 0.673611 0.318229 0.676389 0.31875 0.675926 0.319531 0.669444 0.317448 0.6625 0.306641 0.654907 0.300781 0.656852
0 0.00625 0.635185 0.00625 0.642593 0.00963542 0.648148 0.0213542 0.661574 0.0255208 0.663426 0.0289323 0.666435 0.0332292 0.658009 0.0265625 0.648611 0.0247396 0.64213 0.01875 0.635185 0.0140625 0.63287 0.00911458 0.633333
