0 0.0864583 0.353704 0.0848958 0.351389 0.0796875 0.35 0.0752604 0.351389 0.0731771 0.35463 0.0721354 0.358333 0.0721354 0.36713 0.0726563 0.368981 0.0755208 0.371759 0.0802083 0.371296 0.0841146 0.369444 0.0867187 0.364352 0.0872396 0.356944
0 0.365625 0.746296 0.364844 0.753704 0.366667 0.756944 0.367448 0.760648 0.373698 0.768981 0.386198 0.780556 0.40026 0.787037 0.408594 0.788889 0.415625 0.793056 0.421875 0.79537 0.435937 0.798148 0.441667 0.803241 0.447135 0.813889 0.451042 0.817593 0.454948 0.815278 0.457813 0.809259 0.45651 0.801852 0.452083 0.794907 0.449479 0.792593 0.442969 0.783333 0.440365 0.778241 0.436458 0.767593 0.43125 0.758796 0.421354 0.746296 0.408594 0.736111 0.399479 0.733333 0.383594 0.733796 0.376563 0.736574 0.36901 0.737963 0.367708 0.739815
0 0.277344 0.162963 0.277604 0.17037 0.279167 0.176852 0.283333 0.18287 0.294792 0.193056 0.297396 0.193981 0.298698 0.196296 0.303385 0.194907 0.304688 0.198148 0.307812 0.198148 0.306771 0.193056 0.305729 0.191204 0.310156 0.183796 0.304167 0.180093 0.298958 0.171759 0.295833 0.168519 0.292708 0.162963 0.288542 0.160185 0.280208 0.160648 0.278125 0.161574
0 0.601042 0.477778 0.599479 0.477778 0.598437 0.47963 0.597396 0.486111 0.597656 0.498611 0.599219 0.506944 0.600156 0.520694 0.601562 0.511111 0.603646 0.49213 0.603646 0.480556 0.603125 0.479167
0 0.156823 0.645278 0.154479 0.644167 0.15 0.645833 0.14651 0.649259 0.143437 0.652963 0.140443 0.657778 0.138281 0.66713 0.138672 0.672685 0.14237 0.674444 0.146354 0.673148 0.150521 0.672222 0.154167 0.662963
0 0.735417 0.730093 0.730313 0.72662 0.724479 0.725463 0.722396 0.728704 0.721354 0.732407 0.718229 0.738889 0.716927 0.745833 0.716406 0.755093 0.716667 0.767593 0.718229 0.765741 0.720833 0.765278 0.73099 0.752315 0.736458 0.739815 0.736719 0.732407
0 0.272396 0.629167 0.271615 0.636111 0.274219 0.641204 0.280651 0.646528 0.287005 0.648287 0.290651 0.645093 0.286693 0.634028 0.284635 0.630093 0.279687 0.624074 0.27526 0.625
0 0.196354 0.30463 0.195833 0.309259 0.198958 0.316204 0.201823 0.319907 0.210156 0.326852 0.2125 0.331481 0.21276 0.333333 0.220833 0.332407 0.227865 0.339815 0.230729 0.341204 0.232734 0.343981 0.237135 0.343981 0.234635 0.339815 0.236458 0.3375 0.241406 0.340741 0.24375 0.343843 0.246615 0.345833 0.247656 0.347685 0.249219 0.350926 0.252083 0.350926 0.250234 0.347639 0.248177 0.341667 0.245052 0.337037 0.246094 0.335185 0.250521 0.333796 0.257865 0.337454 0.252161 0.330278 0.246354 0.329167 0.244792 0.328241 0.242708 0.325 0.244688 0.32125 0.240104 0.315741 0.23776 0.314352 0.234635 0.310648 0.23099 0.30463 0.22474 0.297222 0.220052 0.293981 0.213281 0.293981 0.201563 0.299074 0.197396 0.302315
0 0.193229 0.483333 0.191354 0.481991 0.18888 0.48125 0.184427 0.483565 0.17974 0.489676 0.17625 0.498056 0.169714 0.503889 0.165339 0.509213 0.162839 0.518194 0.163307 0.524074 0.170625 0.530972 0.177083 0.533796 0.181771 0.53287 0.184375 0.540278 0.184635 0.546296 0.183333 0.552315 0.18151 0.576389 0.18151 0.589352 0.186198 0.621759 0.195573 0.641204 0.200781 0.647685 0.204427 0.650463 0.207552 0.649537 0.209115 0.647222 0.213021 0.637963 0.214583 0.630093 0.214844 0.621296 0.213021 0.611111 0.210677 0.603704 0.209115 0.593981 0.20625 0.586111 0.201823 0.569444 0.2 0.548148 0.20026 0.538889 0.201563 0.531481 0.200521 0.524074 0.196875 0.52037 0.195312 0.517593 0.195052 0.508796 0.195833 0.503704 0.194792 0.487037
0 0.286719 0.228704 0.285417 0.231944 0.285417 0.235185 0.286979 0.243519 0.29401 0.256481 0.296615 0.266204 0.298958 0.268056 0.301563 0.261111 0.303385 0.253704 0.303385 0.246296 0.301302 0.2375 0.29974 0.233333 0.297396 0.230093 0.291667 0.228241
0 0.628646 0.540278 0.627083 0.538426 0.623698 0.5375 0.61901 0.537963 0.608177 0.546296 0.602604 0.550926 0.598333 0.550417 0.602865 0.555556 0.600911 0.561944 0.604167 0.560648 0.612031 0.564259 0.622396 0.559259 0.625781 0.556019 0.628646 0.55 0.629687 0.54537
0 0.388542 0.426852 0.38724 0.419907 0.380729 0.415278 0.373958 0.414352 0.365365 0.419907 0.356146 0.425093 0.358333 0.427778 0.356146 0.431435 0.36875 0.433796 0.383073 0.432407 0.384896 0.431481
0 0.408073 0.587963 0.407031 0.592593 0.407292 0.595833 0.408073 0.598611 0.410938 0.602315 0.419792 0.60787 0.423958 0.608333 0.426823 0.606019 0.429401 0.605602 0.425 0.597222 0.423958 0.593519 0.420052 0.586574 0.416927 0.584259 0.414583 0.584259 0.410677 0.585648
