0 0.53151 0.132407 0.53125 0.1375 0.536198 0.15 0.547135 0.149537 0.548698 0.147222 0.548698 0.137037 0.546615 0.13287 0.54375 0.130093 0.538021 0.128241 0.533854 0.12963
0 0.335417 0.188889 0.334375 0.192593 0.33776 0.2 0.339583 0.212963 0.340885 0.218056 0.344792 0.226852 0.348958 0.231944 0.355729 0.234259 0.358854 0.233333 0.359635 0.231019 0.359115 0.218056 0.35599 0.204167 0.353125 0.195833 0.343203 0.179583 0.341667 0.189352 0.338542 0.1875
0 0.406771 0.274074 0.405729 0.281481 0.408073 0.285185 0.411719 0.287037 0.415885 0.286574 0.416927 0.285185 0.417448 0.280556 0.41276 0.273148 0.410417 0.272685
0 0.535677 0.268519 0.539323 0.275 0.538802 0.278241 0.535677 0.27963 0.536198 0.282407 0.539323 0.283333 0.542448 0.286574 0.542448 0.289352 0.540365 0.293056 0.548698 0.300463 0.557552 0.305093 0.564583 0.306944 0.567969 0.306019 0.571354 0.301389 0.57474 0.299537 0.576302 0.296759 0.571094 0.278241 0.567187 0.271759 0.564063 0.268981 0.558333 0.266204 0.553125 0.265741 0.547135 0.263426 0.545833 0.265278 0.546615 0.268056 0.546354 0.270833 0.543229 0.273611 0.536198 0.267593
0 0.51901 0.225463 0.517448 0.223611 0.513802 0.221759 0.509635 0.222222 0.507292 0.225463 0.505807 0.230093 0.505729 0.23287 0.509583 0.238565 0.513802 0.236574 0.515365 0.231944
0 0.407813 0.321759 0.408073 0.324537 0.409635 0.327315 0.415625 0.330556 0.420052 0.329167 0.421615 0.324537 0.421354 0.322222 0.416146 0.315741 0.410677 0.316667
0 0.917708 0.0847222 0.918229 0.0888889 0.922135 0.0902778 0.929167 0.0981481 0.947656 0.102315 0.952344 0.102315 0.957292 0.099537 0.966927 0.0990741 0.970313 0.0962963 0.971094 0.0944444 0.971094 0.0907407 0.96901 0.0847222 0.96849 0.0805556 0.966927 0.0777778 0.95625 0.0791667 0.950781 0.074537 0.943229 0.0722222 0.939323 0.0722222 0.935937 0.0736111 0.928385 0.0726852 0.920573 0.0777778 0.918229 0.0814815
0 0.777865 0.136111 0.775521 0.134259 0.769792 0.138889 0.761198 0.143056 0.754948 0.148148 0.751563 0.154167 0.751042 0.156944 0.751563 0.1625 0.754687 0.166204 0.758594 0.168519 0.7625 0.169444 0.766927 0.168056 0.770833 0.161574 0.773438 0.158796 0.778125 0.148148
0 0.840104 0.074537 0.838281 0.075 0.836198 0.087037 0.83151 0.0990741 0.826042 0.122685 0.826042 0.134259 0.827865 0.140741 0.83151 0.140278 0.832552 0.137963 0.838281 0.115741 0.840885 0.0925926 0.841146 0.0768519
0 0.265104 0.00416667 0.269531 0.00740741 0.272135 0.012037 0.272135 0.0152778 0.270052 0.0185185 0.271875 0.0222222 0.293229 0.0407407 0.298438 0.0435185 0.304427 0.0435185 0.310677 0.0398148 0.313542 0.0361111 0.313281 0.0282407 0.311719 0.0199074 0.308333 0.00740741 0.304688 0.00138889 0.304688 0 0.266146 0
0 0.607292 0.218519 0.607552 0.225926 0.611719 0.233333 0.613542 0.242593 0.615104 0.246759 0.619531 0.25 0.622917 0.250926 0.626823 0.255093 0.628646 0.252315 0.629687 0.247685 0.628125 0.239352 0.622656 0.228704 0.619531 0.225463 0.614844 0.223611 0.611458 0.22037 0.609896 0.22037
0 0.691667 0.768519 0.691927 0.775926 0.69375 0.780556 0.696094 0.783333 0.69974 0.785648 0.703906 0.786111 0.706771 0.784722 0.714063 0.778241 0.720313 0.77037 0.723698 0.769907 0.727344 0.773148 0.730729 0.772685 0.73151 0.765278 0.73125 0.751389 0.730208 0.749537 0.727344 0.748611 0.723177 0.752778 0.720313 0.753704 0.714323 0.747222 0.709896 0.745833 0.707292 0.746296 0.696354 0.756944 0.692448 0.764815
