0 0.754427 0.743981 0.75026 0.755093 0.74974 0.758333 0.75026 0.762037 0.751042 0.762963 0.752865 0.769907 0.758073 0.777315 0.758594 0.785648 0.761198 0.781481 0.76224 0.781019 0.765365 0.786574 0.766927 0.786111 0.767969 0.78287 0.765885 0.772222 0.765885 0.762037 0.763281 0.756481 0.761979 0.751852 0.758594 0.745833 0.755208 0.743519
0 0.826042 0.744444 0.821615 0.737037 0.817708 0.727315 0.814063 0.724074 0.807552 0.725 0.798958 0.73287 0.790365 0.737037 0.789062 0.738889 0.788281 0.745833 0.786719 0.748611 0.779687 0.738889 0.778385 0.738889 0.777083 0.740278 0.777083 0.741667 0.780469 0.75463 0.78099 0.761111 0.779427 0.783796 0.782813 0.783796 0.785937 0.77963 0.789844 0.77963 0.793229 0.787037 0.803385 0.793981 0.810417 0.79537 0.815625 0.793056 0.81875 0.789815 0.821094 0.785648 0.825 0.771296 0.827865 0.766204 0.827865 0.761111
0 0.452865 0.737963 0.448437 0.746296 0.442708 0.768981 0.439323 0.7875 0.438802 0.797222 0.4375 0.805556 0.43724 0.815278 0.439063 0.831019 0.441667 0.833796 0.442708 0.833796 0.444271 0.831019 0.448177 0.81713 0.448698 0.803704 0.447396 0.771759 0.451302 0.755093 0.451823 0.749074 0.452865 0.746759
0 0.184375 0.473148 0.185677 0.478704 0.188542 0.485185 0.189062 0.489815 0.190885 0.495833 0.195573 0.502315 0.201042 0.513889 0.204687 0.530093 0.208333 0.535185 0.216406 0.551852 0.220833 0.556944 0.223958 0.5625 0.226042 0.557407 0.225521 0.547685 0.223958 0.5375 0.219792 0.519444 0.210156 0.490278 0.206771 0.484259 0.199479 0.477315 0.189323 0.472685 0.185677 0.471759
0 0.692448 0.639352 0.689063 0.64537 0.68724 0.650463 0.686979 0.661111 0.685677 0.667593 0.685677 0.671759 0.689063 0.685648 0.692708 0.691667 0.696615 0.69213 0.699479 0.688426 0.701823 0.681481 0.702865 0.672222 0.701823 0.657407 0.698698 0.643981 0.696354 0.639352
0 0 0.0768519 0 0.122685 0.0341146 0.131944 0.0479167 0.137037 0.0708333 0.14213 0.0986979 0.151389 0.107292 0.152778 0.116406 0.157407 0.120052 0.157407 0.121875 0.161111 0.125521 0.162037 0.136719 0.158796 0.172656 0.1625 0.179948 0.165278 0.189323 0.165278 0.196094 0.168056 0.2125 0.16713 0.234375 0.167593 0.270052 0.164815 0.279687 0.165278 0.29375 0.177778 0.3 0.186111 0.310417 0.196759 0.317448 0.201852 0.321094 0.202315 0.322135 0.199537 0.318229 0.188426 0.311458 0.175926 0.308594 0.167593 0.307292 0.159259 0.307812 0.148148 0.307292 0.136111 0.305208 0.121759 0.303906 0.118519 0.299219 0.121759 0.290365 0.138426 0.283594 0.148611 0.277083 0.149074 0.264323 0.143981 0.250781 0.142593 0.221875 0.134722 0.201823 0.124537 0.182812 0.122222 0.164323 0.115741 0.128906 0.108333 0.0885417 0.0962963 0.0588542 0.0902778 0.00911458 0.0777778
0 0.873177 0.81713 0.875 0.821759 0.880208 0.826852 0.8875 0.827778 0.891406 0.825 0.890885 0.820833 0.888542 0.816204 0.886198 0.814352 0.880729 0.812963 0.87474 0.814352
0 0.342187 0.363426 0.342187 0.366204 0.345313 0.369444 0.370573 0.377778 0.395833 0.393981 0.405469 0.398148 0.422135 0.399537 0.463802 0.408796 0.495573 0.419444 0.50625 0.424537 0.508594 0.427778 0.51224 0.426852 0.51901 0.431944 0.522135 0.43287 0.522656 0.431944 0.522135 0.428704 0.52474 0.427315 0.538542 0.430093 0.546354 0.43287 0.549479 0.434722 0.551823 0.440278 0.553646 0.448611 0.555729 0.451389 0.557031 0.455093 0.560156 0.456944 0.560937 0.456481 0.560677 0.45463 0.559115 0.451852 0.557292 0.444444 0.555729 0.44213 0.555208 0.438426 0.556771 0.436111 0.564323 0.435185 0.591146 0.437037 0.603906 0.439815 0.607812 0.442593 0.610417 0.446296 0.615885 0.45787 0.622135 0.468056 0.626302 0.472222 0.630208 0.474074 0.629948 0.469907 0.629167 0.468519 0.625 0.449537 0.62526 0.443056 0.627604 0.42963 0.628125 0.413889 0.627604 0.411574 0.626563 0.410648 0.622917 0.412963 0.613802 0.423611 0.610156 0.426852 0.607812 0.427315 0.602344 0.425926 0.576302 0.413889 0.56875 0.408333 0.564063 0.402315 0.55599 0.401852 0.546354 0.399537 0.517969 0.388426 0.476823 0.376389 0.439583 0.369444 0.420573 0.368981 0.415104 0.36713 0.404167 0.367593 0.401302 0.365741 0.394531 0.367593 0.372135 0.365741 0.348698 0.360185 0.344531 0.360185
0 0.42526 0.70787 0.425 0.711111 0.421615 0.72037 0.421354 0.723611 0.424219 0.725 0.425521 0.727315 0.42526 0.732407 0.428646 0.740741 0.435937 0.748611 0.440625 0.75 0.445573 0.749074 0.448958 0.744907 0.451042 0.737963 0.451562 0.727778 0.450521 0.72037 0.447135 0.712963 0.442448 0.708796 0.436979 0.706019 0.434115 0.706481 0.428646 0.712037
0 0.857031 0.723611 0.85625 0.727315 0.856771 0.730556 0.860677 0.741204 0.8625 0.742593 0.866146 0.742593 0.869271 0.740278 0.870313 0.734259 0.870052 0.730093 0.869271 0.726852 0.866146 0.72037 0.8625 0.718056 0.860156 0.719444
0 0.0833333 0.587963 0.0833333 0.59537 0.0848958 0.605093 0.0885417 0.607407 0.0947917 0.599074 0.0981771 0.599074 0.126562 0.608333 0.140625 0.609259 0.172135 0.616204 0.18776 0.623611 0.192708 0.627315 0.202604 0.631481 0.210156 0.632407 0.222656 0.636574 0.22474 0.636574 0.225781 0.633796 0.22474 0.631944 0.221615 0.62963 0.210677 0.624074 0.203385 0.616204 0.192188 0.608796 0.170573 0.598611 0.155208 0.593519 0.146354 0.591667 0.135417 0.591204 0.0981771 0.59213 0.0919271 0.590278 0.0856771 0.584722 0.0846354 0.584722
0 0.789844 0.710185 0.791927 0.713426 0.80026 0.717593 0.810677 0.714352 0.8125 0.712963 0.813021 0.70787 0.813802 0.706019 0.817708 0.706481 0.81901 0.705556 0.81901 0.702315 0.818229 0.699537 0.81849 0.693519 0.817969 0.69213 0.816406 0.69213 0.814063 0.693981 0.810156 0.688889 0.79974 0.689815 0.796875 0.691667 0.793229 0.697222 0.789844 0.706019
