0 0.80026 0.85787 0.799479 0.860185 0.8 0.876852 0.798698 0.87963 0.796615 0.880556 0.795833 0.88287 0.795833 0.887037 0.796875 0.893056 0.803906 0.914815 0.807292 0.919907 0.810937 0.922222 0.814323 0.920833 0.820573 0.906944 0.826042 0.900926 0.828125 0.896759 0.824219 0.896296 0.821615 0.899537 0.81849 0.899074 0.815625 0.883333 0.810677 0.868981 0.808854 0.865278 0.804167 0.859259
0 0.70599 0.359259 0.696094 0.356019 0.659635 0.35463 0.64401 0.359722 0.63724 0.360648 0.633073 0.362963 0.623698 0.365741 0.616146 0.369444 0.613021 0.372685 0.606771 0.376852 0.609115 0.37963 0.61276 0.380093 0.653906 0.372222 0.661198 0.373148 0.666927 0.369907 0.682552 0.369444 0.697917 0.364352 0.705469 0.3625
0 0.178385 0.713426 0.176823 0.716204 0.176302 0.725 0.177865 0.730556 0.178646 0.7375 0.177083 0.740278 0.17474 0.741204 0.179427 0.746296 0.180469 0.75463 0.182292 0.755556 0.185938 0.752315 0.189583 0.743519 0.190885 0.734259 0.190885 0.723148 0.189062 0.718519 0.186979 0.716667
0 0.059375 0.875926 0.0567708 0.873611 0.0528646 0.868056 0.0476562 0.868056 0.0367188 0.872222 0.0296875 0.878241 0.0283854 0.885185 0.0283854 0.898148 0.0302083 0.916204 0.0330729 0.918981 0.0369792 0.916667 0.0450521 0.918981 0.0505208 0.910185 0.0541667 0.901852 0.0598958 0.878704
0 0.501563 0.4875 0.501042 0.484722 0.499479 0.482407 0.494531 0.47963 0.484635 0.481019 0.476302 0.484259 0.473958 0.487037 0.480469 0.491204 0.490625 0.493519 0.498177 0.492593 0.5 0.491204
0 0 0.262963 0 0.276852 0.00885417 0.275463 0.0119792 0.273148 0.0127604 0.271296 0.0130208 0.268981 0.0119792 0.265741 0.00885417 0.2625 0.00364583 0.262037
0 0.203906 0.337963 0.202865 0.335648 0.19974 0.333796 0.19375 0.334722 0.178646 0.34537 0.178646 0.347685 0.179948 0.349074 0.186719 0.350926 0.198958 0.349074 0.202865 0.344907 0.203906 0.341667
0 0.321354 0.201389 0.321094 0.205556 0.324219 0.218056 0.333594 0.234722 0.334896 0.236111 0.336458 0.235648 0.336979 0.234259 0.335677 0.231481 0.333854 0.221296 0.330469 0.209722 0.326562 0.202315 0.324479 0.200463
0 0.753906 0.478241 0.753125 0.474537 0.751042 0.471759 0.746875 0.469444 0.741406 0.468519 0.731771 0.47037 0.726562 0.473611 0.720052 0.475463 0.717969 0.477315 0.720052 0.480556 0.7375 0.486111 0.748177 0.485648 0.752083 0.483333 0.753646 0.480556
0 0.0223958 0.1375 0.0182292 0.137963 0.0132812 0.147222 0.0111979 0.156944 0.0117188 0.161111 0.0161458 0.159259 0.0223958 0.149074 0.0231771 0.14537 0.0231771 0.139815
0 0.553646 0.474074 0.553906 0.476852 0.55599 0.479167 0.563021 0.484259 0.570052 0.4875 0.581771 0.488426 0.584896 0.486574 0.585938 0.484259 0.585938 0.480556 0.583854 0.475463 0.58099 0.472222 0.577865 0.47037 0.565625 0.47037
0 0.99974 0.448148 0.99974 0.431019 0.995313 0.430093 0.988802 0.430556 0.980208 0.432407 0.977344 0.433796 0.976042 0.435648 0.976562 0.439352 0.986979 0.445833 0.992969 0.447685
0 0.0463542 0.508333 0.0484375 0.512037 0.0614583 0.514815 0.0583333 0.524074 0.0585938 0.526852 0.0606771 0.531019 0.0645833 0.536111 0.0679687 0.538889 0.0783854 0.54213 0.0807292 0.546296 0.0898438 0.546759 0.0950521 0.543981 0.104167 0.533796 0.10599 0.530556 0.106771 0.526389 0.106771 0.497222 0.105729 0.494444 0.102604 0.49213 0.0880208 0.487037 0.0786458 0.480556 0.0739583 0.47963 0.0721354 0.481019 0.0716146 0.48287 0.071875 0.492593 0.0710937 0.494444 0.0692708 0.49213 0.0661458 0.490278 0.0596354 0.48287 0.0572917 0.481019 0.0554687 0.481481 0.0539063 0.483796 0.0546875 0.494444 0.0528646 0.497685 0.0492187 0.500926
0 0.352083 0.310185 0.350521 0.307407 0.345573 0.303241 0.342187 0.302315 0.338021 0.302778 0.33151 0.306481 0.326562 0.310648 0.324479 0.314352 0.327083 0.316667 0.33125 0.318056 0.342448 0.318519 0.347656 0.316667 0.350521 0.313889
0 0.727344 0.400926 0.726562 0.398148 0.723698 0.394444 0.71875 0.392593 0.713802 0.392593 0.708073 0.393981 0.701562 0.397222 0.694792 0.402778 0.691406 0.404167 0.691406 0.40787 0.69401 0.409259 0.717187 0.410185 0.720573 0.409259 0.725 0.406019
0 0.605729 0.424537 0.608854 0.427315 0.615104 0.429167 0.619531 0.432407 0.626302 0.433796 0.636458 0.43287 0.63776 0.431944 0.639062 0.428704 0.638802 0.425 0.63724 0.421759 0.632812 0.418519 0.627865 0.41713 0.619531 0.417593 0.614062 0.420833 0.607812 0.421759
0 0.753906 0.50463 0.755729 0.508333 0.760417 0.510648 0.765625 0.514815 0.771875 0.516667 0.785156 0.51713 0.789844 0.515278 0.792188 0.512037 0.791927 0.508333 0.790365 0.505093 0.786458 0.501389 0.779687 0.498611 0.765885 0.499537 0.755469 0.502778
0 0.427865 0.427315 0.427344 0.425 0.42526 0.422685 0.422135 0.421296 0.417448 0.421296 0.411458 0.423611 0.404948 0.428704 0.400781 0.430093 0.397917 0.432407 0.398958 0.436574 0.40026 0.437963 0.415625 0.439352 0.421875 0.4375 0.425521 0.434722 0.427344 0.431481
0 0.833073 0.481481 0.832552 0.477778 0.829427 0.473611 0.821615 0.469444 0.814323 0.469444 0.796615 0.473611 0.796094 0.476389 0.80026 0.481019 0.810417 0.486111 0.816146 0.4875 0.827865 0.487037 0.83125 0.485185
0 0.168229 0.646296 0.166146 0.647222 0.164323 0.649537 0.160938 0.649537 0.158073 0.651389 0.157292 0.65787 0.154427 0.664815 0.153906 0.667593 0.154167 0.670833 0.156771 0.679167 0.158854 0.681944 0.161458 0.683333 0.164844 0.682407 0.166667 0.674537 0.169792 0.66713 0.170313 0.65787
0 0.0606771 0.264815 0.0591146 0.262037 0.0570312 0.260648 0.0502604 0.261111 0.0434896 0.268519 0.0395833 0.275463 0.0388021 0.280093 0.0395833 0.282407 0.0440104 0.282407 0.0536458 0.276852 0.0606771 0.268981
0 0.890365 0.313426 0.898177 0.318519 0.904167 0.319444 0.914844 0.318056 0.916406 0.314352 0.916146 0.310648 0.914844 0.308796 0.909115 0.306019 0.899219 0.306944 0.892448 0.310648
0 0.71875 0.418519 0.71901 0.422222 0.718229 0.424537 0.71849 0.425463 0.723437 0.428704 0.740885 0.435648 0.775 0.446296 0.784375 0.447685 0.814323 0.458796 0.821094 0.458796 0.823177 0.456481 0.821875 0.452778 0.819271 0.449537 0.813542 0.445833 0.784896 0.434259 0.780208 0.431481 0.773958 0.430556 0.761458 0.425926 0.751042 0.424074 0.741406 0.418056 0.738281 0.41713 0.722917 0.416204
0 0.53151 0.171759 0.531771 0.175463 0.538281 0.181019 0.55026 0.193519 0.568229 0.205093 0.572656 0.208796 0.577865 0.215278 0.583073 0.21713 0.590365 0.222222 0.595573 0.227315 0.599479 0.22963 0.605729 0.235648 0.619531 0.246296 0.633333 0.253241 0.640625 0.261574 0.64349 0.260185 0.64401 0.258333 0.642708 0.253704 0.625 0.236574 0.613542 0.222222 0.591927 0.202778 0.574479 0.194444 0.564063 0.186111 0.558594 0.183796 0.551562 0.178704 0.545833 0.176389 0.543229 0.173611 0.539583 0.174074 0.532813 0.171296
