0 0 0.456019 0.0367188 0.456481 0.0484375 0.453704 0.0617188 0.453241 0.0721354 0.450463 0.0916667 0.449074 0.109635 0.449074 0.120573 0.450926 0.133073 0.450926 0.151302 0.446296 0.164323 0.444907 0.168229 0.441667 0.166667 0.439352 0.14349 0.438889 0.136458 0.4375 0.13099 0.434722 0.11224 0.431481 0.0825521 0.430556 0.0565104 0.43287 0.0377604 0.4375 0.0255208 0.438889 0.0161458 0.444444 0.00494792 0.449074 0 0.45
0 0.950781 0.887037 0.950521 0.891204 0.952865 0.899074 0.957812 0.907407 0.960677 0.914352 0.963021 0.916667 0.968229 0.915741 0.970833 0.913426 0.971875 0.908796 0.971094 0.900926 0.966927 0.893056 0.963802 0.888889 0.957292 0.886111 0.952344 0.886111
0 0.869271 0.209722 0.870313 0.209722 0.871615 0.20787 0.873177 0.20787 0.877083 0.204167 0.889323 0.189352 0.896094 0.186574 0.905469 0.187037 0.945052 0.196759 0.957552 0.197222 0.977083 0.200926 0.99974 0.201852 0.99974 0.175 0.942448 0.172685 0.936198 0.174537 0.896615 0.176389 0.890885 0.173611 0.883594 0.167593 0.879427 0.16713 0.876563 0.171759 0.876042 0.177778 0.876563 0.188889 0.876042 0.196296 0.874219 0.200463 0.870052 0.206481
0 0.419792 0.775926 0.420573 0.778704 0.422656 0.781019 0.42526 0.782407 0.430208 0.781944 0.432552 0.780093 0.435417 0.774537 0.440625 0.771296 0.441146 0.766667 0.440365 0.762037 0.439063 0.758796 0.435417 0.759722 0.432031 0.763426 0.428646 0.758333 0.42526 0.756481 0.423438 0.758333 0.420052 0.771759
0 0.596615 0.375926 0.594792 0.373611 0.572917 0.374537 0.560677 0.372222 0.546615 0.372222 0.540885 0.374074 0.533333 0.374074 0.511979 0.380093 0.490625 0.388426 0.483854 0.389815 0.474219 0.394444 0.463802 0.402315 0.45651 0.406019 0.452344 0.406481 0.44974 0.405556 0.446615 0.402778 0.445052 0.402778 0.44375 0.404167 0.44349 0.406481 0.44375 0.418519 0.442188 0.425926 0.441927 0.431944 0.442708 0.43287 0.444531 0.42963 0.446094 0.428704 0.451302 0.418519 0.457031 0.413889 0.474479 0.411111 0.482031 0.411111 0.484375 0.412037 0.486458 0.409722 0.495052 0.406019 0.531771 0.394444 0.545312 0.391667 0.563802 0.390278 0.582552 0.381944 0.592187 0.37963 0.595052 0.378241
0 0.523698 0.567593 0.520312 0.566667 0.513021 0.568519 0.507031 0.568056 0.497656 0.57037 0.485156 0.577778 0.479427 0.58287 0.471615 0.587963 0.470313 0.591667 0.470313 0.595833 0.473958 0.594907 0.477344 0.591667 0.49375 0.583796 0.503906 0.580556 0.515625 0.578704 0.522396 0.571759
0 0.317448 0.721759 0.317448 0.725463 0.322135 0.7375 0.333594 0.752778 0.33776 0.760648 0.338542 0.763426 0.341927 0.765741 0.341927 0.761111 0.338281 0.748611 0.336198 0.744444 0.321094 0.722685
0 0.261719 0.612037 0.2625 0.613426 0.266927 0.616204 0.279427 0.621759 0.296615 0.623611 0.305729 0.625926 0.327604 0.633333 0.33776 0.635648 0.343229 0.638426 0.345313 0.640741 0.348958 0.641204 0.349479 0.637963 0.348698 0.634722 0.345573 0.631944 0.315885 0.615741 0.307031 0.613426 0.266406 0.610185
0 0.11849 0.570833 0.119531 0.574537 0.123177 0.574537 0.126302 0.572685 0.132031 0.571759 0.152083 0.571296 0.159896 0.569907 0.18151 0.569907 0.20599 0.575 0.221354 0.574074 0.223438 0.571759 0.222656 0.569444 0.220833 0.567593 0.2125 0.563889 0.192969 0.559722 0.182812 0.556481 0.172656 0.555556 0.150521 0.556944 0.133594 0.563426 0.123177 0.565741 0.119792 0.567593
0 0.99974 0.936111 0.997917 0.936111 0.995052 0.934259 0.990885 0.935185 0.983333 0.944444 0.976562 0.957407 0.975 0.962963 0.973177 0.977315 0.973177 0.999537 0.99974 0.999537
0 0.354687 0.313889 0.358333 0.320833 0.359896 0.325463 0.36276 0.341204 0.36276 0.349537 0.361979 0.356944 0.359896 0.366204 0.357812 0.369907 0.357292 0.373148 0.360156 0.374074 0.3625 0.372685 0.369531 0.361111 0.370573 0.360648 0.372396 0.357407 0.373698 0.356944 0.37474 0.359722 0.372396 0.365278 0.370052 0.376389 0.370573 0.380093 0.376042 0.387037 0.383073 0.392593 0.386719 0.393981 0.391927 0.393981 0.39974 0.388889 0.408333 0.3875 0.4125 0.383796 0.417448 0.374074 0.419792 0.371759 0.425 0.369907 0.432812 0.369444 0.43724 0.366204 0.439323 0.362963 0.439063 0.359259 0.436719 0.357407 0.431771 0.356019 0.428646 0.35787 0.425 0.354167 0.422917 0.342593 0.421615 0.326389 0.417187 0.317593 0.413281 0.306944 0.407031 0.3 0.398698 0.296759 0.392448 0.296759 0.369531 0.306944 0.36901 0.311111 0.370833 0.314815 0.372396 0.322222 0.37474 0.327778 0.374219 0.330556 0.373177 0.331944 0.364063 0.31713 0.361198 0.313889 0.35599 0.311574
0 0.415885 0.47963 0.416146 0.481019 0.417969 0.482407 0.421615 0.48287 0.442448 0.490278 0.46276 0.493519 0.490885 0.5 0.506771 0.505093 0.517188 0.509722 0.533854 0.510648 0.543229 0.512963 0.545052 0.512037 0.544531 0.508333 0.527344 0.500926 0.51849 0.494444 0.511979 0.493519 0.505729 0.490741 0.4625 0.483333 0.442708 0.477315 0.423438 0.476852 0.418229 0.475463
0 0 0.288889 0 0.310648 0.0203125 0.310185 0.0283854 0.308796 0.0369792 0.308796 0.0445313 0.310648 0.0505208 0.310648 0.0494792 0.306481 0.0466146 0.303704 0.0434896 0.302315 0.0247396 0.298148 0.00833333 0.288889
