0 0.48125 0.609259 0.482552 0.610648 0.486719 0.612037 0.491146 0.611574 0.492708 0.609259 0.491667 0.605556 0.488542 0.603704 0.484115 0.604167 0.482031 0.605556
0 0.376302 0.893519 0.377865 0.897222 0.379688 0.899074 0.386719 0.902778 0.395573 0.902778 0.407552 0.900463 0.407813 0.897685 0.401302 0.89213 0.394792 0.888426 0.391146 0.8875 0.386719 0.8875 0.380729 0.889352 0.377865 0.891204
0 0.0101563 0.543056 0.0127604 0.546296 0.0252604 0.552315 0.03125 0.552778 0.0330729 0.552315 0.0346354 0.550463 0.0328125 0.545833 0.0291667 0.543056 0.0223958 0.540278 0.0153646 0.540278
0 0.0770833 0.561111 0.078125 0.563426 0.0804688 0.564352 0.0908854 0.564352 0.0992187 0.5625 0.102083 0.561111 0.102604 0.559259 0.102344 0.556481 0.10026 0.55463 0.0916667 0.55 0.0882813 0.55 0.08125 0.554167 0.0786458 0.556944
0 0.215104 0.431481 0.219531 0.439815 0.22474 0.445833 0.230208 0.448148 0.232552 0.446296 0.232552 0.442593 0.23151 0.439352 0.227083 0.434259 0.220312 0.430093 0.216406 0.42963
0 0.135677 0.425 0.136198 0.429167 0.141927 0.439815 0.14401 0.441667 0.147656 0.441204 0.148438 0.439815 0.148698 0.435648 0.148177 0.433333 0.145833 0.429167 0.140625 0.424537 0.136979 0.423611
0 0.0484375 0.494444 0.0489583 0.497685 0.0510417 0.501389 0.0539063 0.50463 0.0604167 0.508333 0.0666667 0.508796 0.0679687 0.508333 0.0695313 0.505556 0.0684896 0.501389 0.0640625 0.498148 0.0572917 0.496759 0.0505208 0.492593
0 0.200781 0.380093 0.198437 0.377778 0.192708 0.378241 0.18724 0.383333 0.185417 0.387037 0.189062 0.389352 0.196094 0.3875 0.200781 0.383333
0 0.404948 0.529167 0.405208 0.53287 0.414323 0.541667 0.419271 0.542593 0.421354 0.539815 0.421094 0.536111 0.419531 0.533333 0.414844 0.52963 0.408594 0.527778
0 0.347135 0.623148 0.347135 0.626389 0.348958 0.630093 0.352344 0.631944 0.35599 0.631944 0.357552 0.630093 0.357552 0.624074 0.35625 0.621759 0.351823 0.62037 0.348958 0.620833
0 0.164844 0.459722 0.161719 0.456944 0.157292 0.457407 0.151302 0.462963 0.14974 0.466667 0.150781 0.469907 0.154688 0.469444 0.164844 0.463426
0 0.152344 0.702778 0.151042 0.699537 0.15 0.699074 0.14401 0.699537 0.138542 0.706481 0.138542 0.709722 0.140104 0.710648 0.145573 0.709722 0.15 0.706481
0 0.335156 0.521759 0.333073 0.518981 0.328906 0.518981 0.324479 0.521759 0.323437 0.525926 0.327865 0.528704 0.33125 0.528241 0.334115 0.525926
0 0.277344 0.40787 0.279167 0.411111 0.285677 0.413889 0.289844 0.4125 0.290885 0.411111 0.291146 0.408796 0.290104 0.405556 0.286458 0.403704 0.279167 0.40463
0 0.43776 0.626852 0.435937 0.625 0.432031 0.624537 0.427604 0.626389 0.425521 0.630093 0.427865 0.632407 0.432292 0.63287 0.435937 0.631944 0.438021 0.630093
0 0.358073 0.341204 0.357292 0.350926 0.358594 0.353704 0.361979 0.355556 0.366146 0.354167 0.367708 0.351389 0.366406 0.344907 0.361719 0.338426 0.359635 0.338889
0 0.172396 0.288426 0.171094 0.293056 0.171094 0.298148 0.172396 0.302315 0.177604 0.306944 0.183073 0.302315 0.183073 0.294907 0.18151 0.291667 0.177083 0.287963
0 0.176823 0.304167 0.17474 0.302778 0.169271 0.302778 0.166146 0.305556 0.164323 0.314352 0.165365 0.323148 0.166667 0.324537 0.170573 0.324537 0.174219 0.323148 0.177344 0.317593 0.178125 0.314352 0.178385 0.30787
0 0.226302 0.652315 0.225 0.65 0.216406 0.650926 0.213281 0.652778 0.210547 0.657824 0.211198 0.663426 0.213021 0.663889 0.216146 0.66213 0.220573 0.660509 0.225 0.658333 0.226823 0.656481
0 0.492708 0.570833 0.494531 0.574074 0.500521 0.577315 0.504948 0.576852 0.505729 0.575 0.503906 0.570833 0.501823 0.568519 0.498698 0.56713 0.494531 0.568056
0 0.198958 0.644907 0.198177 0.648148 0.20026 0.660648 0.203646 0.668056 0.20651 0.67037 0.21013 0.666898 0.208594 0.664815 0.208073 0.654167 0.205208 0.647685 0.203125 0.645833
0 0.228906 0.671759 0.225781 0.67037 0.220573 0.671759 0.213542 0.677315 0.209896 0.681944 0.208333 0.685648 0.209635 0.6875 0.220052 0.684722 0.227344 0.678704 0.229167 0.675463
0 0.171094 0.465741 0.171354 0.46713 0.180729 0.477315 0.182812 0.478241 0.186719 0.477315 0.186719 0.474074 0.185677 0.471296 0.182292 0.466667 0.177344 0.463889 0.171875 0.463889
0 0.0966146 0.37037 0.0958333 0.369444 0.0851563 0.37037 0.0802083 0.377315 0.0794271 0.380556 0.08125 0.383796 0.0851563 0.383796 0.0880208 0.382407 0.0955729 0.375463 0.096875 0.373148
0 0.309635 0.608333 0.310937 0.6125 0.31875 0.619444 0.321094 0.62037 0.325 0.619907 0.327083 0.616204 0.326302 0.6125 0.321615 0.609259 0.315104 0.606944 0.310677 0.606944
0 0.111719 0.476389 0.11276 0.479167 0.122656 0.492593 0.126302 0.494444 0.128646 0.493981 0.129948 0.492593 0.129948 0.489352 0.127865 0.484722 0.123177 0.478241 0.116146 0.475 0.11276 0.475
0 0.295312 0.594907 0.29349 0.592593 0.289844 0.593056 0.286719 0.594907 0.283594 0.599074 0.283333 0.602315 0.285417 0.60463 0.289844 0.603704 0.29401 0.599537
0 0.26224 0.606481 0.261719 0.608796 0.261979 0.6125 0.266667 0.619444 0.26849 0.620833 0.272396 0.619444 0.272917 0.612963 0.272135 0.609259 0.270833 0.606944 0.265885 0.60463
0 0.271354 0.536111 0.271615 0.539352 0.272396 0.540741 0.276562 0.543981 0.280469 0.544907 0.283854 0.543056 0.283073 0.538426 0.281771 0.536111 0.279687 0.534722 0.274479 0.534259
0 0.286979 0.556944 0.286458 0.555556 0.283333 0.553241 0.278646 0.553241 0.273177 0.556944 0.270573 0.560648 0.272135 0.562037 0.283594 0.561574 0.286198 0.560648
0 0.0973958 0.6125 0.101823 0.616204 0.104688 0.62037 0.107813 0.623148 0.113542 0.623611 0.115365 0.623148 0.116146 0.621759 0.116146 0.618981 0.113281 0.613889 0.109375 0.609722 0.105729 0.608796 0.0986979 0.609722
0 0.388802 0.525463 0.394792 0.53287 0.397396 0.534259 0.401042 0.534259 0.402083 0.53287 0.401823 0.529167 0.397396 0.524074 0.394531 0.522685 0.389844 0.522685
0 0.10651 0.508333 0.109115 0.512037 0.121094 0.518519 0.127865 0.518519 0.129688 0.515741 0.128906 0.5125 0.126823 0.509259 0.119531 0.505093 0.108594 0.50463
0 0.344792 0.59537 0.345573 0.598611 0.352083 0.603704 0.356771 0.60463 0.358594 0.602778 0.358333 0.598611 0.35599 0.59537 0.353646 0.593981 0.348958 0.593519
