0 0.924219 0.419907 0.923177 0.417593 0.914844 0.413889 0.907292 0.412963 0.896875 0.408796 0.884635 0.406944 0.869792 0.406019 0.838542 0.40787 0.824219 0.406944 0.800521 0.410648 0.796875 0.4125 0.793229 0.41713 0.789323 0.41713 0.786719 0.415278 0.783073 0.416204 0.780208 0.42037 0.775781 0.421296 0.770833 0.425 0.770833 0.426389 0.771615 0.428241 0.773958 0.42963 0.783073 0.431944 0.796354 0.431944 0.814844 0.429167 0.888021 0.426852 0.921094 0.423611 0.924219 0.421759
0 0.564063 0.815741 0.564323 0.818981 0.567969 0.822685 0.573177 0.831944 0.577604 0.835648 0.582031 0.836111 0.591406 0.840278 0.601875 0.834352 0.605521 0.826065 0.619427 0.831944 0.616979 0.827083 0.611979 0.811574 0.61224 0.801852 0.611719 0.8 0.605391 0.811157 0.607266 0.798981 0.592187 0.786574 0.586979 0.784722 0.58099 0.784722 0.577865 0.786111 0.575 0.788889 0.56849 0.8
0 0.763021 0.743519 0.761458 0.744907 0.755208 0.755093 0.751563 0.762963 0.75026 0.768519 0.75026 0.773148 0.753125 0.78287 0.761719 0.789815 0.764583 0.790741 0.76875 0.794444 0.772656 0.796296 0.775781 0.792593 0.778125 0.781944 0.784115 0.769444 0.783594 0.761574 0.779687 0.751389 0.775521 0.74537 0.769531 0.742593
0 0.224687 0.790139 0.223958 0.783796 0.222396 0.775926 0.220573 0.772685 0.217188 0.770833 0.20625 0.772222 0.198437 0.780556 0.191328 0.769444 0.190417 0.783056 0.188281 0.793519 0.196875 0.789352 0.204167 0.797685 0.209635 0.800463 0.213542 0.800926 0.218229 0.799074 0.220312 0.797222
0 0.373958 0.821296 0.375 0.824537 0.376823 0.825926 0.384115 0.825463 0.390885 0.819907 0.392448 0.817593 0.392969 0.813889 0.382812 0.808333 0.376823 0.808796 0.37526 0.810648 0.374219 0.814352
0 0.755729 0.275 0.751823 0.274074 0.741667 0.274537 0.733594 0.278241 0.725781 0.285185 0.720313 0.292593 0.716927 0.3 0.713542 0.311111 0.71276 0.317593 0.711719 0.320833 0.710156 0.331481 0.709635 0.341667 0.703125 0.368981 0.702344 0.390278 0.709115 0.404167 0.719792 0.421759 0.727865 0.428704 0.734635 0.431481 0.742448 0.431944 0.750521 0.430093 0.757292 0.426389 0.766146 0.423611 0.773177 0.418981 0.779948 0.412963 0.782552 0.407407 0.783333 0.403704 0.783854 0.389815 0.781771 0.380093 0.78125 0.374537 0.780729 0.34537 0.779427 0.338889 0.77474 0.323148 0.770573 0.292593 0.76901 0.287037 0.766146 0.282407
0 0.486458 0.814352 0.486458 0.810648 0.484115 0.805556 0.480729 0.801389 0.477865 0.799537 0.463021 0.8 0.458594 0.802778 0.457552 0.806944 0.457813 0.810185 0.459635 0.814815 0.470313 0.819907 0.476302 0.821296 0.479427 0.820833 0.484896 0.817593
0 0 0.0907407 0 0.116667 0.00625 0.118981 0.0119792 0.123611 0.0309896 0.135185 0.0380208 0.140741 0.0609375 0.155556 0.0919271 0.179167 0.111198 0.192593 0.129167 0.201852 0.147396 0.215278 0.151823 0.215741 0.152865 0.213889 0.142448 0.200463 0.124219 0.183333 0.121094 0.179167 0.113021 0.172685 0.109635 0.168056 0.104167 0.163426 0.0994792 0.15787 0.0861979 0.149537 0.08125 0.14537 0.075 0.137963 0.0666667 0.131944 0.0604167 0.125926 0.0523438 0.121296 0.0356771 0.108796 0.0291667 0.105093 0.0171875 0.100463 0.00494792 0.0921296
0 0.694531 0.7625 0.695052 0.765278 0.696615 0.768056 0.699479 0.769444 0.703646 0.769444 0.711198 0.765741 0.714844 0.762037 0.716146 0.758333 0.71276 0.75463 0.70651 0.751852 0.702344 0.751389 0.699219 0.752778 0.696615 0.755556 0.694792 0.758796
0 0.664583 0.0037037 0.664323 0.00555556 0.667448 0.0143519 0.671615 0.0212963 0.679427 0.0305556 0.681771 0.0361111 0.689063 0.0481481 0.696094 0.0564815 0.704948 0.0648148 0.713281 0.075463 0.717969 0.0800926 0.73151 0.0972222 0.73724 0.106481 0.742708 0.111574 0.765625 0.140278 0.790885 0.165741 0.793229 0.169444 0.796615 0.172685 0.797656 0.171759 0.798177 0.168056 0.775781 0.124074 0.771094 0.118056 0.761979 0.101389 0.755208 0.0930556 0.748958 0.0810185 0.746354 0.0787037 0.738021 0.0666667 0.72474 0.0537037 0.71875 0.049537 0.714063 0.0430556 0.708333 0.037037 0.70651 0.0328704 0.702604 0.0287037 0.698698 0.0263889 0.690885 0.024537 0.683854 0.0208333 0.678125 0.0157407 0.66849 0.0037037
