0 0.201302 0.549537 0.2 0.546296 0.197135 0.546296 0.190885 0.548148 0.170833 0.549537 0.155208 0.55463 0.147396 0.55463 0.146094 0.556944 0.145573 0.573611 0.147656 0.575463 0.151562 0.567593 0.153906 0.565741 0.160156 0.56713 0.161458 0.57037 0.167708 0.566204 0.17526 0.564352 0.182292 0.560648 0.192448 0.558796 0.198437 0.553704
0 0.571615 0.528704 0.571094 0.527315 0.558594 0.524537 0.552083 0.525 0.542448 0.527778 0.529427 0.533796 0.523177 0.54213 0.520052 0.544444 0.51901 0.546759 0.52526 0.549537 0.530469 0.549537 0.539844 0.544907 0.547396 0.544907 0.563281 0.539352 0.571094 0.532407
0 0.0916667 0.584722 0.0877604 0.582407 0.0697917 0.575926 0.0541667 0.575 0.046875 0.576852 0.0304687 0.577778 0.025 0.580556 0.0158854 0.582407 0.0135417 0.585185 0.0161458 0.587963 0.0231771 0.588426 0.0361979 0.591667 0.0497396 0.59213 0.0653646 0.589815 0.0791667 0.591204 0.0880208 0.587963
0 0.114583 0.644907 0.113542 0.643519 0.110937 0.643519 0.10599 0.645833 0.0981771 0.647222 0.0953125 0.648611 0.0861979 0.661111 0.0830729 0.667593 0.084375 0.684722 0.0848958 0.685648 0.0856771 0.684259 0.0877604 0.675 0.0893229 0.671759 0.0966146 0.668519 0.108594 0.658333 0.114062 0.651389 0.115104 0.647685
0 0.214062 0.645833 0.214062 0.655093 0.214844 0.65787 0.216406 0.659259 0.220573 0.655556 0.234375 0.659722 0.251302 0.662963 0.261979 0.66713 0.274479 0.667593 0.274219 0.664352 0.255729 0.650926 0.24349 0.647222 0.220573 0.643981 0.217448 0.64213 0.214844 0.643056
0 0.519271 0.609259 0.519792 0.6125 0.528385 0.616204 0.55 0.62037 0.566406 0.627778 0.575 0.629167 0.576562 0.628704 0.577344 0.626389 0.57526 0.624074 0.569271 0.62037 0.564323 0.615741 0.554427 0.610648 0.542708 0.607407 0.534635 0.606481 0.524479 0.606944
0 0.386979 0.453704 0.382292 0.455093 0.379688 0.458333 0.377083 0.466667 0.373177 0.475463 0.366146 0.497685 0.366146 0.511574 0.367969 0.50463 0.377344 0.4875 0.380469 0.478704 0.384635 0.469907 0.386979 0.460648
0 0.692448 0.585185 0.689323 0.582407 0.685677 0.582407 0.681771 0.586111 0.675781 0.5875 0.66875 0.591667 0.660937 0.598611 0.655729 0.605556 0.653385 0.607407 0.651042 0.6125 0.654167 0.613426 0.671354 0.602778 0.678125 0.597222 0.689063 0.593519 0.690625 0.59213 0.692448 0.588426
0 0.220312 0.049537 0.216667 0.0481481 0.213021 0.0555556 0.209635 0.0652778 0.207031 0.0694444 0.203646 0.0731481 0.196094 0.0763889 0.192708 0.0791667 0.188021 0.087963 0.184115 0.0935185 0.178906 0.0986111 0.178906 0.10463 0.177604 0.109259 0.178125 0.1125 0.177604 0.116204 0.171354 0.125463 0.170313 0.130093 0.167448 0.135648 0.16276 0.149074 0.150521 0.177315 0.147656 0.185185 0.138021 0.221759 0.133073 0.230556 0.132031 0.236111 0.126562 0.247685 0.125781 0.255556 0.126562 0.260648 0.129167 0.269444 0.130208 0.287037 0.133073 0.276389 0.133594 0.264815 0.134896 0.258796 0.148438 0.236111 0.165365 0.204167 0.16901 0.19537 0.174479 0.185185 0.178646 0.175 0.185156 0.155556 0.189583 0.146296 0.196354 0.127315 0.203125 0.115741 0.20651 0.105556 0.211198 0.0833333 0.220312 0.0555556
0 0.0606771 0.478241 0.0570312 0.484259 0.0544271 0.493981 0.0505208 0.50463 0.0463542 0.523148 0.0434896 0.530556 0.0427083 0.534722 0.0395833 0.540741 0.0341146 0.556944 0.0333333 0.562037 0.0333333 0.567593 0.034375 0.574537 0.0361979 0.578241 0.0385417 0.575926 0.0536458 0.528704 0.0578125 0.50463 0.0606771 0.497222 0.0617188 0.487963 0.0617188 0.480556
0 0.353125 0.543056 0.353385 0.546296 0.355729 0.550463 0.365885 0.560648 0.389323 0.573148 0.400521 0.581481 0.411458 0.584722 0.415625 0.584722 0.414323 0.581481 0.408594 0.577315 0.401302 0.567593 0.392448 0.562037 0.386979 0.556944 0.365625 0.54537 0.359115 0.543981 0.35599 0.541667 0.354427 0.541667
0 0.682292 0.763426 0.678385 0.764352 0.674479 0.768519 0.672396 0.772222 0.670573 0.77963 0.670573 0.79537 0.671615 0.800463 0.67474 0.805093 0.679427 0.805556 0.68151 0.804167 0.683073 0.793519 0.684115 0.791667 0.686979 0.789815 0.686719 0.779167 0.68776 0.775 0.686979 0.772685 0.683854 0.769907 0.683594 0.765278
0 0.542188 0.472685 0.542969 0.474537 0.564063 0.486574 0.569531 0.487963 0.586458 0.488889 0.59974 0.493519 0.623958 0.505556 0.635156 0.513426 0.646094 0.51713 0.653385 0.520833 0.659115 0.525926 0.661458 0.53287 0.663281 0.528704 0.664062 0.518981 0.66276 0.515278 0.657292 0.513889 0.652865 0.510185 0.640365 0.493981 0.632552 0.489815 0.625 0.483796 0.603385 0.473148 0.592969 0.47037 0.571615 0.468981 0.555208 0.470833 0.542969 0.470833
0 0.408073 0.524537 0.407813 0.530093 0.408333 0.53287 0.415885 0.5375 0.435156 0.553704 0.442188 0.55787 0.451562 0.562037 0.453646 0.563889 0.491667 0.579167 0.511979 0.582407 0.515625 0.581481 0.513021 0.578241 0.503906 0.574074 0.480208 0.560185 0.445312 0.544907 0.432812 0.536111 0.426042 0.535185 0.41849 0.531944 0.415365 0.529167 0.411458 0.521759 0.409375 0.522222
0 0.42526 0.29537 0.425 0.300926 0.419271 0.320833 0.416927 0.356481 0.414844 0.366204 0.415365 0.369444 0.418229 0.376389 0.41901 0.387037 0.420833 0.399074 0.421875 0.42963 0.424219 0.428241 0.423958 0.399537 0.42526 0.391204 0.427083 0.334259 0.428125 0.326389 0.427865 0.30787 0.426563 0.297685
0 0.164323 0.614815 0.164583 0.623148 0.166146 0.626389 0.16849 0.627778 0.171094 0.624074 0.173437 0.623148 0.182292 0.624074 0.213542 0.621759 0.236458 0.624537 0.258594 0.633333 0.274219 0.634722 0.278906 0.633796 0.27526 0.630556 0.270833 0.629167 0.248698 0.615741 0.234896 0.610185 0.23151 0.606019 0.230729 0.603704 0.227604 0.602778 0.209115 0.602778 0.205729 0.599074 0.205469 0.596296 0.203646 0.595833 0.19974 0.597222 0.185417 0.598611 0.180208 0.600463 0.171615 0.600463 0.166406 0.605556 0.164844 0.609259
