0 0.118229 0.630093 0.115885 0.628704 0.111198 0.632407 0.102344 0.637037 0.0981771 0.640278 0.0903646 0.649537 0.0809896 0.656944 0.0770833 0.665278 0.0763021 0.671296 0.0768229 0.674074 0.0765625 0.681944 0.0783854 0.685185 0.0815104 0.687037 0.0916667 0.688426 0.0953125 0.690741 0.0989583 0.689352 0.0997396 0.686574 0.102865 0.681481 0.107031 0.666204 0.113021 0.652315 0.116406 0.641204 0.116667 0.637037
0 0.621354 0.752778 0.621875 0.758796 0.623177 0.760648 0.626823 0.762963 0.634635 0.764815 0.639583 0.763889 0.647135 0.766667 0.654167 0.762963 0.65599 0.760185 0.658333 0.751852 0.658333 0.740741 0.65599 0.736574 0.65 0.733796 0.64401 0.732407 0.634635 0.73287 0.629427 0.735185 0.625781 0.738889 0.622396 0.746296
0 0.567187 0.746296 0.560937 0.739352 0.555469 0.741204 0.548698 0.738889 0.545052 0.743519 0.540807 0.748194 0.539323 0.752778 0.536979 0.756481 0.536198 0.759259 0.536979 0.76713 0.539062 0.77037 0.542188 0.772222 0.548958 0.772685 0.552604 0.771296 0.557552 0.76713 0.560417 0.763426 0.565104 0.753704
0 0.136979 0.580556 0.136458 0.58287 0.135937 0.599074 0.13099 0.622685 0.129948 0.633333 0.129948 0.644444 0.133073 0.662963 0.136198 0.66713 0.141146 0.668981 0.14401 0.665278 0.145573 0.656944 0.145313 0.634259 0.146354 0.628704 0.150781 0.617593 0.151302 0.605093 0.150521 0.602315 0.146615 0.6 0.144792 0.597685 0.141146 0.581019 0.140625 0.580093
0 0.226302 0.661111 0.226302 0.671296 0.227865 0.675 0.234635 0.677778 0.23776 0.681019 0.24375 0.691667 0.249479 0.697222 0.26224 0.705093 0.276562 0.708333 0.289583 0.703704 0.293229 0.70463 0.295052 0.700926 0.296875 0.699074 0.298438 0.692593 0.298698 0.687963 0.3 0.685648 0.296875 0.684259 0.294792 0.681944 0.294271 0.679167 0.292187 0.675 0.291667 0.669907 0.284375 0.656944 0.27526 0.647222 0.269531 0.643056 0.261979 0.64213 0.238281 0.643981 0.233594 0.646759 0.230729 0.65 0.227344 0.656944
0 0.311458 0.721389 0.30862 0.732269 0.309948 0.741111 0.314323 0.746759 0.321094 0.751389 0.325781 0.752778 0.331771 0.75 0.33776 0.749444 0.338151 0.730648 0.334974 0.729861 0.329688 0.723611 0.322917 0.718056 0.316927 0.718519
0 0.45625 0.787963 0.454688 0.786111 0.448437 0.782407 0.446615 0.782407 0.439063 0.786111 0.438021 0.787963 0.433724 0.793796 0.433333 0.801852 0.433073 0.809259 0.434896 0.811574 0.443229 0.817593 0.447656 0.818056 0.455208 0.813889 0.461276 0.811157 0.467656 0.807824 0.465964 0.798009 0.460052 0.792315
0 0.0778906 0.538148 0.0730729 0.539306 0.0677083 0.537963 0.0597917 0.534676 0.0528646 0.53287 0.0484375 0.532407 0.043151 0.530509 0.0373177 0.532685 0.0333333 0.5325 0.0282031 0.532963 0.0226562 0.536111 0.0190104 0.539352 0.0119792 0.559722 0.0127604 0.562963 0.0145833 0.566204 0.0252604 0.574074 0.0333333 0.575 0.0445313 0.572685 0.0523438 0.572685 0.0570312 0.570833 0.0632812 0.566204 0.0648438 0.563889 0.0677083 0.555093 0.0700521 0.553241 0.0744792 0.552315 0.077474 0.554583 0.0763021 0.547685
0 0.571615 0.723611 0.572396 0.729167 0.575521 0.734722 0.581771 0.738889 0.589063 0.739352 0.595573 0.7375 0.607292 0.730093 0.609375 0.726852 0.609896 0.718981 0.609375 0.716667 0.607292 0.714352 0.598958 0.708796 0.592708 0.706481 0.58724 0.706481 0.58151 0.708333 0.577083 0.711111 0.573177 0.716667
0 0.60651 0.751389 0.603906 0.746759 0.599479 0.743981 0.590104 0.744444 0.58151 0.746759 0.577344 0.750463 0.573438 0.755556 0.571875 0.762037 0.572396 0.768056 0.574479 0.772685 0.580208 0.776389 0.585417 0.777315 0.592969 0.775926 0.602865 0.768519 0.60599 0.761111 0.606771 0.756019
0 0.509635 0.755093 0.50651 0.750926 0.501823 0.749537 0.494531 0.75 0.486198 0.752778 0.483333 0.75463 0.481771 0.758333 0.482031 0.768981 0.483594 0.772685 0.488021 0.776852 0.491927 0.777315 0.495052 0.776389 0.508854 0.767593 0.510156 0.763889
0 0.341667 0.687963 0.341927 0.693981 0.345573 0.703241 0.348698 0.707407 0.352083 0.710185 0.358854 0.7125 0.365365 0.712037 0.373177 0.70787 0.377604 0.708796 0.380208 0.706481 0.381771 0.699074 0.381771 0.693056 0.380208 0.688426 0.377083 0.685185 0.36875 0.680556 0.359115 0.672222 0.35651 0.671296 0.352604 0.672222 0.348958 0.675463 0.345573 0.67963
0 0.025 0.590741 0.0252604 0.598611 0.0276042 0.602778 0.0432292 0.618519 0.0494792 0.621296 0.0539063 0.621296 0.0565104 0.618519 0.0635417 0.613889 0.0679687 0.613426 0.0757812 0.616667 0.0807292 0.62037 0.0882813 0.622685 0.0908854 0.619907 0.0945312 0.602315 0.0973958 0.596759 0.0989583 0.59537 0.096875 0.591667 0.0921875 0.590278 0.0778646 0.591667 0.0763021 0.590278 0.0658854 0.574074 0.0627604 0.570833 0.0596354 0.569444 0.0466146 0.570833 0.0317708 0.575926 0.0278646 0.581944 0.0257812 0.586574
0 0.447396 0.817593 0.445833 0.816204 0.44349 0.816204 0.441406 0.812963 0.438542 0.810648 0.4375 0.808796 0.436354 0.808657 0.434349 0.807593 0.432552 0.806019 0.423438 0.813889 0.422656 0.816204 0.422135 0.823148 0.423698 0.828241 0.425521 0.830556 0.430208 0.832407 0.435677 0.831944 0.440625 0.830093 0.446615 0.825926 0.447917 0.823148
0 0.549479 0.731944 0.545052 0.725463 0.54349 0.727315 0.536719 0.728241 0.532292 0.730093 0.526302 0.736111 0.523698 0.740741 0.521875 0.746296 0.522396 0.751389 0.523177 0.753704 0.528906 0.758796 0.532031 0.759722 0.536458 0.759259 0.538802 0.751852 0.54375 0.74537 0.544792 0.74213 0.548958 0.735185
0 0.794531 0.859259 0.791406 0.866667 0.791146 0.869444 0.799479 0.888426 0.802604 0.893519 0.80651 0.90463 0.810417 0.906481 0.817448 0.90463 0.819271 0.901389 0.821615 0.893981 0.820833 0.887963 0.81849 0.87963 0.815625 0.875463 0.811719 0.871759 0.804167 0.868056 0.79974 0.863426 0.796875 0.858796
0 0.890365 0.912963 0.886198 0.910648 0.880208 0.909259 0.875521 0.911574 0.872656 0.916204 0.869531 0.926389 0.870573 0.934259 0.867734 0.944676 0.873958 0.956019 0.877604 0.95787 0.883594 0.955556 0.891406 0.94537 0.892708 0.941204 0.89375 0.934259 0.89375 0.924537 0.893229 0.919907
0 0.205729 0.628704 0.203646 0.63287 0.202865 0.636574 0.202344 0.647685 0.200521 0.664352 0.201563 0.670833 0.202865 0.672222 0.209375 0.673148 0.215365 0.675463 0.219531 0.675 0.220052 0.671296 0.21875 0.660648 0.213021 0.634722 0.209896 0.629167
0 0.576562 0.7 0.574219 0.696296 0.569531 0.694907 0.560156 0.69537 0.553125 0.698611 0.55026 0.701852 0.548438 0.706944 0.547917 0.710185 0.548177 0.718519 0.54974 0.722222 0.554167 0.724074 0.567969 0.724537 0.570833 0.721759 0.575521 0.711111
