0 0.618203 0.863056 0.616406 0.871296 0.615885 0.874074 0.614062 0.876852 0.607552 0.878241 0.602865 0.89213 0.601823 0.898611 0.602083 0.90787 0.604167 0.918981 0.607292 0.925 0.611458 0.925463 0.615885 0.92037 0.617188 0.91713 0.623177 0.892731 0.619297 0.88963 0.625599 0.871667 0.623047 0.871713
0 0.68349 0.927963 0.680781 0.931713 0.682266 0.938704 0.689401 0.944444 0.69349 0.944907 0.698698 0.941204 0.697917 0.933796 0.695052 0.929167 0.69349 0.927778 0.688802 0.926389
0 0.202344 0.935648 0.202865 0.941204 0.213542 0.956019 0.220052 0.961111 0.22474 0.962963 0.246094 0.963889 0.255729 0.961574 0.265365 0.968056 0.269271 0.968981 0.271354 0.96713 0.272656 0.956481 0.273698 0.953241 0.271615 0.949074 0.263281 0.945833 0.257292 0.941204 0.251302 0.931944 0.244271 0.924537 0.238021 0.919907 0.227604 0.915278 0.222135 0.91713 0.217188 0.922222 0.213021 0.922685 0.210417 0.924537 0.204167 0.931481
0 0 0.175463 0.0236979 0.174537 0.0330729 0.172685 0.0393229 0.168981 0.0466146 0.162963 0.0609375 0.15787 0.0635417 0.15463 0.0645833 0.150926 0.0606771 0.149074 0.0380208 0.150463 0.0294271 0.147222 0.0143229 0.147222 0.00911458 0.148611 0.00651042 0.150463 0.0015625 0.160648 0 0.160648
0 0.448958 0.4875 0.446875 0.485185 0.436458 0.487037 0.417708 0.487037 0.414062 0.488889 0.407813 0.488889 0.397656 0.491204 0.383333 0.497685 0.372396 0.504167 0.364583 0.510648 0.347135 0.518519 0.342969 0.522222 0.34401 0.527778 0.34401 0.534722 0.342969 0.543056 0.34349 0.544907 0.345313 0.545833 0.348958 0.534259 0.35026 0.531944 0.353125 0.530093 0.366406 0.525463 0.373177 0.525 0.377083 0.522222 0.381771 0.520833 0.385677 0.517593 0.395052 0.513889 0.40026 0.510185 0.404167 0.509259 0.407552 0.506481 0.428125 0.502778 0.435677 0.498148
0 0.544271 0.541667 0.544792 0.546759 0.546875 0.548611 0.549219 0.544907 0.55625 0.541667 0.567708 0.541667 0.605208 0.535185 0.616406 0.535185 0.634115 0.537963 0.657552 0.53287 0.657813 0.531944 0.655208 0.529167 0.641146 0.527315 0.629687 0.522222 0.61276 0.519907 0.596875 0.519907 0.583854 0.522222 0.570312 0.526852 0.557031 0.534259 0.546354 0.535648 0.544792 0.537037
0 0.0742188 0.62963 0.0799479 0.637037 0.0846354 0.640278 0.0940104 0.64213 0.11276 0.653241 0.120573 0.654167 0.119531 0.650463 0.114062 0.645833 0.109375 0.640278 0.1 0.63287 0.0929688 0.630093 0.0830729 0.629167 0.0786458 0.627315 0.075 0.627778
0 0.14349 0.387037 0.142187 0.386111 0.129427 0.387037 0.120833 0.398148 0.0942708 0.418056 0.0914062 0.421759 0.0895833 0.427778 0.0893229 0.435648 0.0885417 0.437037 0.0872396 0.444907 0.0872396 0.449537 0.0882813 0.450926 0.0895833 0.449074 0.0919271 0.441667 0.0929688 0.435648 0.0947917 0.432407 0.113281 0.42037 0.128646 0.405556 0.13776 0.399074 0.142448 0.392593 0.14349 0.390278
0 0.372135 0.525926 0.390365 0.525926 0.410677 0.529167 0.417448 0.529167 0.432292 0.525926 0.433333 0.522685 0.428646 0.520833 0.417969 0.518981 0.411458 0.513889 0.4 0.5125 0.380208 0.518981 0.373958 0.522222
0 0.0364583 0.53287 0.0356771 0.531019 0.0325521 0.530093 0.0294271 0.533333 0.0255208 0.53287 0.0190104 0.534722 0 0.535648 0 0.551389 0.00885417 0.551852 0.015625 0.547685 0.0236979 0.54537 0.0296875 0.547685 0.0325521 0.550926 0.0361979 0.551852 0.0369792 0.550463 0.0364583 0.546759
0 0.88099 0.464815 0.879948 0.473611 0.880208 0.487963 0.878385 0.494444 0.878385 0.498148 0.880469 0.499074 0.890365 0.489352 0.895573 0.491667 0.902865 0.498148 0.910417 0.503241 0.917188 0.509722 0.92474 0.5125 0.958594 0.533796 0.977344 0.550463 0.989062 0.553704 0.997917 0.558333 0.99974 0.558333 0.99974 0.550926 0.998177 0.550926 0.995573 0.548148 0.988802 0.543981 0.9875 0.54213 0.984375 0.532407 0.978646 0.527778 0.973958 0.520833 0.970313 0.519444 0.945833 0.501389 0.920573 0.488889 0.911458 0.480093 0.909115 0.48287 0.905729 0.483796 0.896354 0.482407 0.891927 0.480556 0.889062 0.476852 0.886719 0.468519 0.883854 0.462037 0.881771 0.462963
0 0.727865 0.449537 0.726042 0.448611 0.708333 0.448611 0.692448 0.444444 0.674219 0.443519 0.651302 0.446296 0.632812 0.45 0.603646 0.451852 0.592448 0.45463 0.585417 0.458333 0.578385 0.460185 0.574219 0.459722 0.566927 0.453241 0.565104 0.454167 0.564063 0.45787 0.564063 0.47963 0.564844 0.477778 0.567708 0.477315 0.572656 0.468981 0.575781 0.46713 0.608594 0.468519 0.621875 0.465741 0.631771 0.465278 0.660677 0.461111 0.670833 0.461111 0.684635 0.463426 0.692448 0.463426 0.710417 0.456481 0.726302 0.452778
