0 0.60625 0.688889 0.607292 0.692593 0.613021 0.700463 0.61901 0.703241 0.625521 0.703241 0.633073 0.699537 0.640365 0.693056 0.642448 0.694444 0.64401 0.697685 0.644531 0.697222 0.647396 0.6875 0.647396 0.680093 0.642969 0.685185 0.640365 0.686111 0.630208 0.677778 0.623177 0.675 0.616146 0.675 0.61224 0.677778 0.607292 0.685648
0 0.527865 0.543981 0.528646 0.550463 0.530208 0.554167 0.532552 0.556019 0.538802 0.556481 0.546875 0.553704 0.553385 0.553704 0.557292 0.552315 0.569792 0.543056 0.571354 0.539815 0.569531 0.538426 0.529167 0.539815
0 0.351823 0.553704 0.357292 0.560648 0.367969 0.566667 0.382812 0.577778 0.397135 0.585185 0.398698 0.585185 0.39974 0.583333 0.39974 0.581019 0.397917 0.578241 0.384375 0.571759 0.367708 0.559259 0.35625 0.553241 0.352344 0.552778
0 0.165625 0.496759 0.164583 0.49537 0.160417 0.498148 0.154948 0.509259 0.150521 0.513426 0.144531 0.525926 0.13724 0.536111 0.133854 0.538889 0.130729 0.540278 0.11901 0.540278 0.113021 0.543056 0.106771 0.543519 0.103385 0.541667 0.0989583 0.53287 0.0973958 0.533796 0.0953125 0.537037 0.0947917 0.550926 0.0921875 0.564352 0.0953125 0.565741 0.0994792 0.555556 0.102344 0.551389 0.108073 0.551389 0.123698 0.554167 0.127344 0.552315 0.136458 0.550463 0.14375 0.54537 0.147656 0.540741 0.159375 0.521759 0.161979 0.510648 0.164844 0.503241 0.165885 0.498148
0 0.50599 0.608796 0.504948 0.606944 0.501042 0.606944 0.494531 0.610185 0.48151 0.62037 0.477865 0.622222 0.47474 0.626852 0.475781 0.627778 0.479687 0.627315 0.495573 0.618056 0.501302 0.616204 0.504948 0.613426
0 0.520573 0.593981 0.520573 0.59537 0.527344 0.605556 0.536198 0.612963 0.554427 0.620833 0.563021 0.621759 0.571094 0.624074 0.571615 0.622685 0.575781 0.619907 0.579167 0.619444 0.58151 0.621759 0.584896 0.631019 0.586719 0.630093 0.585156 0.617593 0.585417 0.6125 0.584635 0.608796 0.577865 0.608796 0.571875 0.605556 0.557292 0.603704 0.535677 0.596759 0.528385 0.59537 0.522396 0.59213
0 0.851562 0.529167 0.847135 0.528241 0.834375 0.531944 0.823958 0.53287 0.798698 0.539352 0.791146 0.543056 0.782292 0.551389 0.774219 0.562037 0.767969 0.56713 0.766406 0.570833 0.765365 0.581944 0.76875 0.580556 0.770833 0.576389 0.775 0.572685 0.792188 0.561111 0.813281 0.551852 0.828385 0.548611 0.8375 0.540278 0.849479 0.53287
0 0.294531 0.3375 0.292448 0.336111 0.275781 0.339815 0.266406 0.338426 0.258073 0.338889 0.246615 0.34213 0.240625 0.344907 0.227344 0.348148 0.205729 0.358333 0.197396 0.363889 0.186458 0.369444 0.180469 0.373611 0.172917 0.382407 0.161979 0.3875 0.157552 0.3875 0.151042 0.381019 0.147135 0.380556 0.144792 0.383796 0.144271 0.387037 0.146354 0.409259 0.147396 0.411574 0.150781 0.409259 0.15625 0.398148 0.158854 0.396296 0.16901 0.393981 0.184635 0.393056 0.217708 0.377778 0.23776 0.366667 0.258594 0.361111 0.272656 0.352778 0.283333 0.343981 0.294531 0.338426
0 0.641927 0.515278 0.641146 0.514352 0.636719 0.515278 0.629193 0.518333 0.619844 0.53125 0.611979 0.541667 0.608333 0.55 0.608073 0.554167 0.609375 0.559259 0.61276 0.562963 0.614062 0.5625 0.615365 0.560185 0.618229 0.550463 0.620313 0.546296 0.630208 0.536574 0.636198 0.529167 0.641406 0.519444
0 0.890104 0.633333 0.888281 0.630093 0.866406 0.625463 0.855729 0.625 0.846094 0.626852 0.830729 0.634259 0.822656 0.639352 0.817448 0.638889 0.815365 0.640278 0.814063 0.643519 0.814063 0.655556 0.817448 0.653241 0.81901 0.649074 0.823698 0.646759 0.832292 0.646759 0.861719 0.639352 0.87526 0.639815
0 0.779167 0.655556 0.775521 0.655093 0.769271 0.663889 0.765625 0.660648 0.76224 0.662963 0.760677 0.675926 0.756771 0.681944 0.753385 0.693056 0.752344 0.70463 0.752344 0.713426 0.755208 0.726389 0.758073 0.734259 0.765365 0.744444 0.76875 0.747222 0.772396 0.746759 0.773958 0.743981 0.776042 0.737963 0.777083 0.731944 0.777865 0.720833 0.777604 0.712037 0.774219 0.696759 0.770833 0.688889 0.770312 0.685648 0.772656 0.681481 0.779167 0.678241 0.781771 0.675 0.782552 0.664352 0.782031 0.661111
0 0.460938 0.589815 0.459896 0.589352 0.453646 0.597222 0.44974 0.606019 0.447656 0.614352 0.447917 0.619444 0.449479 0.624537 0.45 0.620833 0.458854 0.602315 0.461458 0.59537 0.461979 0.591667
0 0.75651 0.835185 0.75651 0.838426 0.758333 0.844444 0.760677 0.859259 0.761979 0.862963 0.765625 0.861111 0.770052 0.856019 0.770312 0.851389 0.769531 0.847685 0.7625 0.835185 0.759375 0.833333
