0 0.476302 0.574537 0.476562 0.578241 0.486979 0.588426 0.494271 0.59213 0.496354 0.591667 0.498177 0.589352 0.498437 0.584259 0.497656 0.581481 0.491146 0.575463 0.488021 0.573611 0.477083 0.573611
0 0.759635 0.395833 0.760156 0.397685 0.76276 0.399074 0.776563 0.400926 0.786979 0.399074 0.789062 0.397222 0.790365 0.393519 0.789323 0.390278 0.786198 0.387963 0.774219 0.387037 0.761198 0.390741 0.759896 0.393056
0 0.144531 0.560648 0.144531 0.563889 0.145313 0.566204 0.151302 0.575 0.154167 0.576852 0.157812 0.576852 0.160156 0.573611 0.159635 0.567593 0.157812 0.564352 0.155208 0.562037 0.147917 0.558796
0 0.276042 0.607407 0.275781 0.60463 0.274219 0.602315 0.269271 0.600463 0.258333 0.602315 0.25625 0.605556 0.259115 0.610648 0.267708 0.613889 0.273958 0.612963 0.275781 0.609722
0 0.690365 0.505093 0.689063 0.502315 0.685677 0.500463 0.681771 0.500926 0.676042 0.505093 0.673177 0.509259 0.672396 0.512963 0.673958 0.515278 0.685156 0.512963 0.688802 0.510648 0.690104 0.508333
0 0.743229 0.536111 0.744271 0.539815 0.751302 0.546759 0.755469 0.549074 0.763021 0.55 0.765365 0.547222 0.765104 0.543056 0.763021 0.539815 0.755469 0.534259 0.749219 0.533333 0.745052 0.534259
0 0.521094 0.476852 0.520573 0.474537 0.51875 0.472222 0.514583 0.472222 0.508854 0.476852 0.505469 0.481481 0.504948 0.484259 0.508073 0.486574 0.516146 0.485185 0.51901 0.482407
0 0.351042 0.664815 0.351042 0.668056 0.352604 0.67037 0.355729 0.673148 0.360417 0.675 0.365625 0.674537 0.367188 0.671759 0.367708 0.668519 0.367188 0.664815 0.365625 0.662037 0.363281 0.660648 0.357292 0.661111 0.352865 0.662963
0 0.972396 0.650926 0.970573 0.648611 0.967708 0.647222 0.959115 0.647685 0.955469 0.649537 0.949479 0.656944 0.947135 0.662037 0.948958 0.664352 0.953385 0.664352 0.963281 0.661574 0.970573 0.656481 0.972396 0.654167
0 0.988542 0.214352 0.98776 0.210648 0.984375 0.205556 0.98125 0.204167 0.976823 0.204167 0.970313 0.206481 0.963542 0.212963 0.959896 0.2125 0.95651 0.213889 0.954427 0.22037 0.95599 0.221759 0.9625 0.223148 0.96875 0.229167 0.973177 0.231481 0.977344 0.232407 0.982031 0.231944 0.984635 0.230556 0.986719 0.226852 0.988281 0.221296
0 0.676042 0.584722 0.68151 0.588426 0.689063 0.590278 0.69349 0.589815 0.695312 0.587963 0.695573 0.585648 0.694792 0.581944 0.693229 0.57963 0.686198 0.577778 0.678385 0.57963 0.676562 0.581481
0 0.486719 0.570833 0.48724 0.574537 0.497917 0.58287 0.504167 0.583333 0.507031 0.581481 0.507031 0.577315 0.50599 0.574074 0.502604 0.570833 0.497135 0.569444 0.489844 0.569444
0 0.171875 0.719907 0.168229 0.719907 0.164062 0.724074 0.159115 0.730556 0.158333 0.734722 0.159635 0.736574 0.161719 0.737037 0.166667 0.734259 0.169531 0.730093 0.171615 0.725
0 0.817969 0.517593 0.817969 0.518981 0.820833 0.523611 0.827865 0.531944 0.830729 0.533333 0.835156 0.533333 0.835938 0.532407 0.836198 0.529167 0.834896 0.525 0.829167 0.518519 0.821354 0.515278 0.81875 0.515741
0 0.63125 0.608333 0.633333 0.611574 0.64401 0.619907 0.651302 0.62037 0.652604 0.61713 0.652344 0.613889 0.650781 0.610648 0.646875 0.607407 0.641927 0.606019 0.633594 0.605556 0.632031 0.606019
0 0.896875 0.636111 0.897656 0.637963 0.902083 0.640741 0.915104 0.640741 0.919271 0.638426 0.920312 0.636574 0.920312 0.633333 0.91875 0.631019 0.916406 0.62963 0.907813 0.628241 0.902865 0.62963 0.897396 0.633333
0 0.0841146 0.661111 0.08125 0.65787 0.0747396 0.656019 0.0710937 0.656481 0.0645833 0.661111 0.0638021 0.665278 0.0653646 0.668056 0.0671875 0.668981 0.0744792 0.669907 0.0828125 0.664352
0 0.104427 0.393981 0.102865 0.390741 0.0953125 0.384259 0.0888021 0.382407 0.0744792 0.388426 0.0716146 0.390278 0.0710937 0.393981 0.0739583 0.397685 0.0861979 0.400463 0.0942708 0.400463 0.103385 0.397222
0 0.767188 0.465278 0.766927 0.467593 0.767969 0.47037 0.771094 0.472685 0.779167 0.484259 0.782292 0.486111 0.786458 0.484259 0.78724 0.481019 0.786979 0.477315 0.785417 0.473611 0.782813 0.47037 0.771094 0.462963 0.76875 0.4625
0 0.698438 0.701389 0.698177 0.704167 0.699479 0.708796 0.70599 0.72037 0.710417 0.725 0.714063 0.725926 0.715365 0.724074 0.713281 0.713426 0.710938 0.709722 0.705729 0.705093 0.702604 0.700926 0.699479 0.699537
0 0.672917 0.477315 0.673438 0.47963 0.675 0.481481 0.677344 0.481944 0.680469 0.484259 0.691667 0.487037 0.699219 0.485648 0.701042 0.484259 0.702083 0.481019 0.701302 0.477778 0.699479 0.475 0.691927 0.472222 0.686198 0.472222 0.67474 0.475
0 0.638542 0.407407 0.638281 0.40463 0.635417 0.400926 0.632292 0.399537 0.625781 0.399537 0.619271 0.400926 0.613802 0.404167 0.611979 0.40787 0.615104 0.411111 0.61849 0.4125 0.627865 0.412963 0.635677 0.411111
0 0.24375 0.681944 0.248177 0.683796 0.251563 0.686574 0.261198 0.689815 0.267969 0.688889 0.269271 0.685648 0.26901 0.67963 0.267969 0.676852 0.266146 0.674537 0.261979 0.672685 0.255208 0.672685 0.244792 0.675
0 0.772396 0.664352 0.778906 0.668519 0.789323 0.671296 0.795573 0.669907 0.796615 0.668981 0.797396 0.665741 0.796615 0.660648 0.793229 0.65787 0.789844 0.656944 0.779687 0.65787 0.773438 0.661574
0 0.046875 0.661574 0.0440104 0.659259 0.0398437 0.659722 0.0382813 0.661111 0.0359375 0.667593 0.0356771 0.675463 0.0369792 0.676389 0.0419271 0.671759 0.046875 0.664815
0 0.36901 0.546296 0.370052 0.55 0.373437 0.550926 0.376563 0.553704 0.384375 0.557407 0.391406 0.55787 0.39401 0.556944 0.395573 0.554167 0.395052 0.550463 0.39375 0.548148 0.386719 0.543519 0.370833 0.542593 0.369531 0.543519
0 0.416667 0.678241 0.41849 0.681944 0.421615 0.685648 0.429948 0.692593 0.435677 0.693519 0.43724 0.692593 0.438281 0.689815 0.438021 0.685648 0.436979 0.68287 0.434375 0.678704 0.432031 0.676852 0.417708 0.675463
0 0.99974 0.578241 0.99974 0.556944 0.992188 0.556481 0.986979 0.557407 0.975 0.563426 0.973698 0.565278 0.973698 0.567593 0.979167 0.570833 0.995573 0.577778
0 0.473958 0.979167 0.472396 0.980556 0.469792 0.9875 0.469271 0.994444 0.470052 0.999537 0.476562 0.999537 0.477865 0.994907 0.478125 0.990741 0.476302 0.981944
0 0.914323 0.553241 0.913021 0.55 0.908073 0.546296 0.90026 0.545833 0.885677 0.550926 0.884375 0.554167 0.886198 0.556944 0.89375 0.559722 0.904687 0.560648 0.911458 0.558333 0.913021 0.556944
0 0.396875 0.428241 0.397656 0.435648 0.408073 0.443981 0.415104 0.446296 0.41901 0.44537 0.421354 0.442593 0.421094 0.438889 0.419792 0.437037 0.411198 0.431481 0.403906 0.430093 0.397656 0.426389
0 0.997917 0.50787 0.996875 0.505093 0.995052 0.504167 0.990104 0.503704 0.985417 0.50463 0.98099 0.507407 0.972917 0.516667 0.971615 0.519444 0.973437 0.521759 0.975 0.522222 0.983594 0.52037 0.994531 0.514352 0.997135 0.511111
0 0.0182292 0.600926 0.0213542 0.603241 0.0244792 0.604167 0.0335937 0.604167 0.0408854 0.600926 0.0390625 0.593519 0.0348177 0.593241 0.0328125 0.591667 0.0296875 0.589815 0.021875 0.590741 0.01875 0.593519
0 0.99974 0.302315 0.998177 0.302315 0.996094 0.305556 0.99349 0.307407 0.988021 0.313889 0.9875 0.317593 0.991406 0.318981 0.99974 0.316204
0 0.84349 0.658333 0.844271 0.661111 0.859375 0.662963 0.863802 0.659722 0.865104 0.65787 0.864844 0.654167 0.86276 0.652315 0.853906 0.650926 0.844792 0.656019
0 0.241146 0.728704 0.240104 0.728241 0.238021 0.731944 0.235937 0.739352 0.236198 0.744907 0.240365 0.744907 0.242448 0.733333 0.242448 0.731481
0 0.39974 0.591667 0.400781 0.59537 0.404167 0.599074 0.409635 0.602315 0.414323 0.603241 0.417448 0.602315 0.419792 0.598611 0.417969 0.593056 0.414844 0.590278 0.407813 0.588889
0 0.9875 0.334722 0.98724 0.331019 0.985677 0.328704 0.978906 0.325 0.970573 0.325463 0.960417 0.330093 0.954948 0.331481 0.952083 0.334722 0.952865 0.337963 0.953906 0.338889 0.969792 0.341204 0.982552 0.339352 0.985677 0.3375
0 0.317969 0.690741 0.317969 0.692593 0.324219 0.699074 0.328385 0.700926 0.334896 0.700926 0.336458 0.699537 0.336719 0.69537 0.335156 0.690741 0.33151 0.687963 0.31901 0.688889
0 0.951823 0.644444 0.951562 0.640741 0.94974 0.638426 0.94349 0.635185 0.933333 0.636111 0.923958 0.640278 0.92526 0.643981 0.939063 0.648611 0.948958 0.647685
0 0.0677083 0.545833 0.0671875 0.543056 0.0643229 0.540278 0.0591146 0.539352 0.0492187 0.54213 0.0479167 0.543519 0.0473958 0.547222 0.0484375 0.550463 0.0502604 0.551852 0.0570312 0.553704 0.0617188 0.553704 0.0645833 0.552778 0.0664062 0.550926
0 0.227083 0.494444 0.229167 0.497685 0.238021 0.499537 0.244792 0.50463 0.251563 0.507407 0.258854 0.50787 0.260156 0.505093 0.258854 0.5 0.255208 0.49537 0.251563 0.492593 0.247396 0.491204 0.234115 0.489352 0.23099 0.490741
0 0.565625 0.463426 0.563802 0.45787 0.561198 0.456481 0.556771 0.456019 0.55 0.458796 0.545312 0.462037 0.544271 0.464352 0.545052 0.466667 0.558333 0.469444 0.563802 0.468056 0.565104 0.466204
0 0.619531 0.546296 0.619792 0.549074 0.620573 0.550463 0.625521 0.553704 0.629948 0.555093 0.633854 0.555093 0.635938 0.553704 0.636979 0.550926 0.636979 0.548148 0.635417 0.544907 0.630469 0.541667 0.625 0.541667 0.620833 0.543056
0 0.203125 0.560648 0.202344 0.563889 0.203125 0.567593 0.206771 0.574537 0.213542 0.583333 0.21849 0.584722 0.220312 0.584259 0.221354 0.581944 0.221354 0.577778 0.220312 0.574074 0.216927 0.568056 0.206771 0.560185
0 0.131771 0.637037 0.132552 0.640278 0.148438 0.647222 0.154427 0.647685 0.158073 0.646759 0.160677 0.644444 0.161198 0.642593 0.160677 0.637037 0.158333 0.633796 0.154688 0.631019 0.151562 0.630093 0.146354 0.630093 0.134115 0.633333
0 0.0697917 0.584722 0.0674479 0.581481 0.0638021 0.57963 0.0549479 0.577315 0.0518229 0.577778 0.046875 0.581019 0.0395833 0.588426 0.0380208 0.592593 0.0380208 0.59537 0.0398437 0.597222 0.0507812 0.597222 0.0578125 0.593519 0.0643229 0.59213 0.0690104 0.588426
0 0.305208 0.484722 0.304948 0.487963 0.307031 0.491204 0.310677 0.494444 0.317708 0.498148 0.325521 0.499074 0.327865 0.497685 0.328125 0.494444 0.326562 0.490741 0.319792 0.485185 0.310937 0.48287 0.307031 0.48287
0 0.920052 0.54213 0.920312 0.544444 0.921615 0.545833 0.926823 0.547222 0.930208 0.550463 0.939063 0.555093 0.95026 0.556481 0.952604 0.556019 0.954167 0.553704 0.953385 0.55 0.950521 0.54537 0.945312 0.541204 0.939323 0.539352 0.929167 0.540278 0.921875 0.539352
0 0.699479 0.678704 0.700521 0.681944 0.714063 0.689815 0.720313 0.690278 0.722396 0.688889 0.722917 0.686574 0.722656 0.682407 0.721094 0.67963 0.717187 0.676852 0.708333 0.675463
0 0.864583 0.449074 0.86276 0.44537 0.859375 0.44213 0.852344 0.439815 0.849219 0.441204 0.841927 0.441667 0.839583 0.444444 0.831771 0.447685 0.830729 0.449074 0.830729 0.451852 0.83125 0.453241 0.838802 0.45463 0.841927 0.456481 0.853646 0.456944 0.859375 0.455556 0.863021 0.452778
0 0.0119792 0.525926 0.00807292 0.522222 0 0.522222 0 0.536111 0.00859375 0.533333 0.0119792 0.529167
0 0.8375 0.609259 0.839063 0.612963 0.846354 0.62037 0.85599 0.625 0.863281 0.624537 0.864844 0.623148 0.866146 0.619907 0.864323 0.615741 0.859375 0.608796 0.855729 0.605093 0.852344 0.603704 0.846354 0.604167
0 0.438542 0.706481 0.440104 0.709259 0.445052 0.7125 0.452344 0.714815 0.457552 0.713426 0.459115 0.709722 0.458333 0.706944 0.45651 0.705093 0.447656 0.701852 0.441667 0.702778 0.439323 0.70463
0 0.939323 0.456019 0.938021 0.453704 0.935417 0.452315 0.93099 0.451389 0.926302 0.451852 0.922135 0.453704 0.914583 0.459722 0.914062 0.463426 0.926042 0.466204 0.935677 0.462037 0.938021 0.459722
0 0.753125 0.525926 0.751042 0.522222 0.741406 0.520833 0.73776 0.522222 0.73099 0.527315 0.729427 0.530093 0.730469 0.532407 0.745573 0.534259 0.751563 0.531481
0 0.598958 0.594907 0.598177 0.59213 0.596094 0.589352 0.590885 0.587963 0.58099 0.591667 0.578646 0.59537 0.579948 0.597222 0.583073 0.598611 0.591927 0.600463 0.597135 0.599074
0 0.246354 0.574537 0.247396 0.578704 0.254167 0.584722 0.261979 0.586574 0.264583 0.584259 0.264844 0.581019 0.263802 0.577778 0.261458 0.575463 0.254427 0.573611 0.247656 0.573611
0 0.521875 0.494444 0.522396 0.496759 0.523698 0.498148 0.535417 0.503704 0.542188 0.503704 0.54375 0.502778 0.544792 0.5 0.544531 0.495833 0.543229 0.493056 0.540365 0.490741 0.536198 0.489352 0.528125 0.490278 0.522396 0.493056
0 0.618229 0.449537 0.617969 0.445833 0.616667 0.442593 0.610938 0.439815 0.601823 0.441667 0.594792 0.445833 0.595573 0.449074 0.604688 0.454167 0.614062 0.453704 0.616406 0.452778
0 0.826302 0.42037 0.827083 0.425463 0.83125 0.432407 0.841406 0.440741 0.847656 0.441667 0.852083 0.440278 0.853385 0.438426 0.853385 0.435185 0.852083 0.431944 0.849219 0.428241 0.845313 0.425463 0.828646 0.418056 0.826823 0.418519
0 0.909896 0.663889 0.910417 0.665741 0.911719 0.666667 0.913802 0.666667 0.91901 0.669907 0.925 0.671296 0.93099 0.671296 0.936198 0.669907 0.938021 0.668056 0.938542 0.664815 0.936719 0.661111 0.929948 0.657407 0.920052 0.65787 0.918229 0.659259 0.910677 0.661111
0 0.433594 0.840741 0.432552 0.84537 0.432552 0.848611 0.434635 0.855556 0.438542 0.862963 0.441146 0.866667 0.44349 0.868056 0.446615 0.868056 0.449479 0.866204 0.450521 0.8625 0.449479 0.854167 0.447917 0.848611 0.442708 0.84213 0.435677 0.838426
0 0.808333 0.574537 0.807813 0.577315 0.808073 0.581481 0.810417 0.584722 0.814583 0.584722 0.816927 0.581481 0.817187 0.578241 0.816146 0.574537 0.814323 0.572685 0.810677 0.572222
0 0.578906 0.559722 0.58099 0.563889 0.588542 0.569444 0.595573 0.57037 0.597135 0.567593 0.595833 0.562963 0.594531 0.560648 0.592448 0.559259 0.585677 0.557407 0.58125 0.557407
0 0.299479 0.53287 0.300521 0.536111 0.309635 0.540278 0.314583 0.539815 0.316667 0.536111 0.316406 0.533333 0.315365 0.531481 0.311979 0.529167 0.30625 0.529167
0 0.296875 0.590741 0.296615 0.59213 0.297396 0.594444 0.305469 0.606481 0.310677 0.609259 0.313542 0.606944 0.313802 0.60463 0.31276 0.599074 0.310677 0.59537 0.300521 0.588426 0.298438 0.588889
0 0.298958 0.56713 0.298438 0.564352 0.296615 0.561574 0.292969 0.558796 0.289844 0.558333 0.282813 0.560648 0.28125 0.5625 0.277083 0.564352 0.27526 0.567593 0.277865 0.570833 0.28724 0.573148 0.294531 0.571759 0.297135 0.569907
0 0.385677 0.486574 0.385677 0.490741 0.386719 0.492593 0.396094 0.49537 0.404948 0.495833 0.408073 0.494444 0.409635 0.491667 0.408333 0.487037 0.402604 0.483796 0.386458 0.484259
0 0.21276 0.518981 0.210417 0.515278 0.202865 0.513426 0.195052 0.516204 0.192969 0.518519 0.192969 0.52037 0.19375 0.522685 0.196354 0.524074 0.205208 0.525463 0.21224 0.522222
0 0.325781 0.626389 0.324219 0.622222 0.317708 0.621296 0.306771 0.630093 0.30599 0.633333 0.307031 0.635648 0.310937 0.638889 0.314583 0.639352 0.324479 0.630556
0 0.896094 0.44213 0.89401 0.439352 0.892188 0.438889 0.884635 0.439352 0.87526 0.444907 0.874219 0.446296 0.873958 0.449537 0.876302 0.451852 0.886979 0.451852 0.895052 0.447222 0.896094 0.445833
