0 0.240104 0.136574 0.239844 0.143519 0.240885 0.149074 0.247656 0.162963 0.252865 0.17037 0.25625 0.171296 0.259896 0.169444 0.261458 0.162963 0.260417 0.155556 0.257812 0.15 0.252083 0.143056 0.244531 0.138889 0.241406 0.138426
0 0.323958 0.616667 0.321094 0.612037 0.319271 0.610648 0.316406 0.611111 0.310417 0.616667 0.305469 0.623611 0.300313 0.628519 0.30013 0.633796 0.302031 0.634491 0.305208 0.634259 0.313021 0.636574 0.31901 0.635648 0.324219 0.626389 0.325 0.622222
0 0.116406 0.51713 0.108594 0.506481 0.104427 0.50463 0.0976562 0.506481 0.0929688 0.509722 0.0916667 0.511574 0.0895833 0.510185 0.0838542 0.510185 0.0848958 0.512037 0.0851563 0.518981 0.0861979 0.522222 0.0903646 0.524537 0.0929688 0.527778 0.103125 0.532407 0.108073 0.531944 0.111719 0.529167 0.115625 0.524537
0 0.0231771 0.062963 0.0223958 0.0662037 0.0236979 0.0731481 0.0330729 0.087037 0.0380208 0.0888889 0.0408854 0.0875 0.0424479 0.0851852 0.04375 0.0805556 0.0432292 0.0722222 0.0401042 0.062963 0.0380208 0.0597222 0.0364583 0.0587963 0.0291667 0.0587963 0.0244792 0.0611111
0 0.00848958 0.374769 0.00882812 0.385648 0.0177083 0.39213 0.0328125 0.401389 0.0361979 0.402315 0.0408854 0.401852 0.0450521 0.398611 0.0479167 0.393056 0.0471354 0.388889 0.0455729 0.385185 0.0411458 0.378704 0.0369792 0.375463 0.0307292 0.374074 0.0217188 0.374583 0.0132812 0.374398
0 0.0682292 0.255556 0.0661458 0.260648 0.0653646 0.265741 0.065625 0.275463 0.0666667 0.279167 0.0682292 0.281481 0.0716146 0.282407 0.0765625 0.282407 0.0796875 0.27963 0.0820312 0.275 0.0817708 0.26713 0.0760417 0.256481 0.0736979 0.254167 0.0710937 0.253704
0 0.274219 0.424074 0.273438 0.419907 0.26875 0.414352 0.266927 0.412963 0.263021 0.4125 0.252083 0.418519 0.251042 0.427315 0.252083 0.430093 0.256771 0.434259 0.2625 0.435648 0.267969 0.435648 0.272656 0.430556 0.274219 0.427315
0 0.0554687 0.506944 0.0549479 0.510648 0.0578125 0.514352 0.0622396 0.522685 0.0721354 0.530093 0.0768229 0.52963 0.0809896 0.524537 0.08125 0.51713 0.075 0.506481 0.0723958 0.505093 0.0635417 0.504167 0.0606771 0.505556 0.0565104 0.50463
0 0.328646 0.305556 0.327604 0.30787 0.327865 0.316667 0.330469 0.323611 0.335156 0.343981 0.33776 0.348611 0.342187 0.350463 0.345833 0.348611 0.348177 0.343981 0.348177 0.335648 0.34349 0.322685 0.339844 0.316204 0.33125 0.306944 0.330208 0.30463
0 0.225 0.175463 0.224479 0.181019 0.223698 0.183333 0.223958 0.187037 0.22526 0.191204 0.226823 0.192593 0.229427 0.197685 0.232292 0.198611 0.238802 0.205093 0.242969 0.206944 0.24974 0.206019 0.251042 0.205093 0.252083 0.202778 0.253125 0.198148 0.252083 0.190741 0.242188 0.174537 0.239844 0.172685 0.231771 0.171296 0.227604 0.171759
