0 0.469792 0.0666667 0.46901 0.0680556 0.471875 0.074537 0.469531 0.0782407 0.46901 0.0814815 0.471615 0.0824074 0.475521 0.0856481 0.477083 0.0884259 0.480729 0.100463 0.480729 0.115278 0.478646 0.125926 0.478646 0.130556 0.48125 0.132407 0.483333 0.130093 0.485417 0.125926 0.48724 0.118981 0.488021 0.102315 0.489063 0.0958333 0.488802 0.0888889 0.4875 0.0833333 0.484115 0.0768519 0.480729 0.0736111 0.477344 0.0722222 0.470833 0.0666667
0 0.280729 0.0777778 0.282813 0.0856481 0.284375 0.0884259 0.296094 0.102315 0.30026 0.105093 0.303906 0.105093 0.307031 0.102315 0.307812 0.0990741 0.307031 0.0907407 0.303646 0.0847222 0.301302 0.0824074 0.292708 0.0787037 0.286458 0.0787037 0.283073 0.0768519
0 0.360677 0.0773148 0.360938 0.0837963 0.36276 0.087963 0.373177 0.0990741 0.376302 0.100463 0.379427 0.099537 0.382292 0.0949074 0.382812 0.0907407 0.382031 0.0851852 0.376563 0.0763889 0.373177 0.0740741 0.3625 0.074537
0 0.51276 0.247685 0.513802 0.250926 0.51849 0.253241 0.521615 0.258796 0.526042 0.263889 0.528385 0.264815 0.532813 0.263889 0.535677 0.25787 0.535417 0.252315 0.532813 0.245833 0.529687 0.240741 0.526823 0.238889 0.51875 0.237963 0.515625 0.239815
0 0.175 0.0777778 0.176563 0.0787037 0.177344 0.0814815 0.18151 0.0884259 0.179948 0.0907407 0.175781 0.0921296 0.175 0.0939815 0.17526 0.0953704 0.181771 0.0958333 0.185417 0.0972222 0.1875 0.099537 0.190625 0.105556 0.197135 0.111111 0.203125 0.119444 0.209635 0.125463 0.213542 0.126852 0.216146 0.126389 0.219531 0.123148 0.220312 0.118519 0.215365 0.106944 0.213281 0.0990741 0.211458 0.0953704 0.207031 0.0898148 0.198177 0.0847222 0.189583 0.0819444 0.185677 0.0833333 0.178646 0.0777778
0 0.245052 0.54537 0.245052 0.546759 0.248958 0.55 0.24401 0.553704 0.251302 0.558333 0.255208 0.565741 0.261979 0.574537 0.26901 0.579167 0.273958 0.578704 0.275781 0.577315 0.277083 0.574537 0.277604 0.570833 0.275781 0.564352 0.272396 0.556944 0.269792 0.553704 0.261979 0.548611 0.254948 0.547685 0.248698 0.544907
0 0.683073 0.612037 0.683333 0.616667 0.682031 0.619907 0.688802 0.630093 0.691927 0.63287 0.696354 0.632407 0.697917 0.630093 0.698438 0.623148 0.697396 0.619444 0.695052 0.615278 0.692187 0.6125 0.684375 0.610648
0 0.0247396 0.6375 0.0260417 0.641667 0.0294271 0.644907 0.0361979 0.647222 0.0505208 0.643981 0.0546875 0.640278 0.0609375 0.637037 0.0609375 0.633333 0.0622396 0.630093 0.0609375 0.628704 0.0520833 0.62963 0.0463542 0.626852 0.0385417 0.625463 0.0294271 0.62963 0.0255208 0.633333
0 0.567448 0.694907 0.566146 0.695833 0.565885 0.702778 0.564063 0.706481 0.564063 0.711111 0.564844 0.712963 0.564063 0.728241 0.564583 0.730556 0.566667 0.731944 0.56901 0.730556 0.571094 0.724074 0.571875 0.71713 0.570312 0.702315
0 0.0484375 0.0986111 0.05 0.102778 0.0536458 0.105556 0.0651042 0.108796 0.0710937 0.108333 0.0752604 0.106481 0.0776042 0.102315 0.0770833 0.0990741 0.0744792 0.0949074 0.0697917 0.0912037 0.0645833 0.0893519 0.0604167 0.0893519 0.0549479 0.0912037 0.0502604 0.0944444
0 0.361979 0.4625 0.360156 0.463426 0.358854 0.466667 0.359115 0.469907 0.360938 0.474074 0.357812 0.483333 0.358073 0.492593 0.359375 0.5 0.366406 0.50787 0.367708 0.505093 0.367448 0.497685 0.369271 0.488426 0.369271 0.47963 0.370052 0.472222 0.369792 0.466204 0.36849 0.463426 0.366406 0.462037
0 0.120833 0.585185 0.11849 0.584722 0.114583 0.586574 0.105469 0.594907 0.0986979 0.608796 0.0976562 0.6125 0.0981771 0.615741 0.1 0.61713 0.102344 0.61713 0.107292 0.6125 0.1125 0.602315 0.120833 0.588426
0 0.764844 0.828241 0.763021 0.824537 0.760938 0.824074 0.75599 0.826389 0.748698 0.826852 0.740885 0.82963 0.7375 0.83287 0.734115 0.837963 0.732812 0.841667 0.732552 0.845833 0.733594 0.848611 0.738281 0.851389 0.741146 0.851852 0.746615 0.85 0.756771 0.84213 0.760417 0.835185 0.764583 0.831481
0 0.404427 0.37963 0.404427 0.384259 0.405469 0.387037 0.410938 0.390278 0.413021 0.393981 0.421615 0.402778 0.425781 0.402778 0.428646 0.4 0.429167 0.397222 0.428646 0.392593 0.42526 0.384259 0.421875 0.378704 0.414062 0.377315
0 0.128646 0.282407 0.132292 0.289352 0.136979 0.290278 0.142448 0.294444 0.152083 0.298148 0.161979 0.298611 0.164323 0.296759 0.165625 0.293519 0.165625 0.289815 0.164062 0.286111 0.160417 0.281944 0.151562 0.275463 0.140885 0.275463 0.135417 0.279167 0.129427 0.27963
0 0.55026 0.102778 0.55026 0.111574 0.55625 0.136111 0.560417 0.14213 0.564063 0.141667 0.565365 0.13287 0.564063 0.123611 0.56276 0.119444 0.557552 0.108333 0.553906 0.10463
0 0.15026 0.539815 0.150521 0.547222 0.152604 0.550926 0.171875 0.568056 0.174479 0.569444 0.179427 0.568519 0.183333 0.574074 0.186979 0.576389 0.193229 0.576389 0.19974 0.573611 0.202083 0.575463 0.203385 0.577778 0.205208 0.584722 0.20651 0.586574 0.210938 0.584722 0.2125 0.581019 0.213542 0.575463 0.217188 0.57037 0.217708 0.565278 0.217188 0.560185 0.20625 0.558796 0.205208 0.557407 0.203906 0.550926 0.199479 0.543519 0.192448 0.535185 0.185417 0.530093 0.179427 0.528241 0.175 0.528241 0.168229 0.531481 0.155208 0.535185 0.152865 0.536574
0 0.589583 0.609259 0.586458 0.602315 0.581771 0.59537 0.571094 0.586574 0.567187 0.586574 0.563542 0.588889 0.542969 0.613889 0.542188 0.615741 0.542188 0.618056 0.543229 0.623148 0.544792 0.625926 0.544531 0.627315 0.54349 0.628241 0.536198 0.627315 0.535156 0.630093 0.538802 0.643056 0.538802 0.644907 0.533333 0.65787 0.533594 0.660185 0.536458 0.661111 0.54375 0.653704 0.545833 0.656944 0.545833 0.665741 0.546615 0.667593 0.548177 0.668519 0.552865 0.667593 0.563542 0.656944 0.565885 0.65787 0.567448 0.660648 0.570833 0.660648 0.574479 0.653241 0.576042 0.648148 0.581771 0.638426 0.584896 0.631481 0.589844 0.616204
0 0.473698 0.617593 0.473177 0.620833 0.473958 0.626389 0.477344 0.637963 0.48099 0.638889 0.482031 0.636574 0.482292 0.630093 0.480729 0.622222 0.479687 0.619907 0.477344 0.617593
0 0.714063 0.353241 0.709896 0.354167 0.705469 0.359259 0.703646 0.362963 0.703646 0.366204 0.70651 0.375 0.710677 0.376389 0.713281 0.374537 0.714583 0.372222 0.716406 0.3625 0.716146 0.356019
0 0.576562 0.518981 0.576823 0.522222 0.580208 0.528241 0.58776 0.531944 0.589323 0.530556 0.591406 0.522685 0.591406 0.518981 0.589844 0.515278 0.588021 0.513426 0.584896 0.5125 0.579167 0.515278
