0 0.0630208 0.8625 0.0611979 0.860185 0.0596354 0.860185 0.0489583 0.864352 0.0463542 0.866204 0.0445313 0.869444 0.0445313 0.874537 0.0453125 0.877315 0.0476562 0.880093 0.0557292 0.880556 0.0583333 0.87963 0.0606771 0.877778 0.0625 0.872685
0 0.348958 0.171759 0.347135 0.178241 0.341667 0.187037 0.339062 0.197685 0.33776 0.208796 0.3375 0.234722 0.338802 0.251852 0.338802 0.268981 0.33776 0.285648 0.33776 0.307407 0.338542 0.311111 0.339583 0.310185 0.345313 0.2875 0.346615 0.273611 0.347135 0.261574 0.344271 0.212963 0.345052 0.196759 0.349479 0.181944 0.34974 0.177778
0 0.26849 0.710185 0.269792 0.712037 0.275 0.714352 0.293229 0.716204 0.315104 0.714352 0.317969 0.713426 0.320573 0.709722 0.318229 0.706019 0.314063 0.704167 0.303125 0.704167 0.298958 0.702778 0.282292 0.702778 0.272135 0.706019
0 0.375 0.647685 0.369792 0.637037 0.366406 0.635648 0.363281 0.636111 0.359115 0.638426 0.351302 0.645833 0.348698 0.651389 0.348438 0.656481 0.350781 0.661111 0.355469 0.664352 0.365885 0.664815 0.369792 0.6625 0.373177 0.656944 0.375 0.651389
0 0.281771 0.615741 0.279427 0.611574 0.278125 0.618056 0.275781 0.623148 0.265365 0.627315 0.259635 0.632407 0.253906 0.640278 0.247135 0.647222 0.247396 0.649537 0.248438 0.650463 0.25599 0.647685 0.264062 0.641204 0.276042 0.635648 0.279948 0.632407 0.28151 0.62963 0.282292 0.626389
0 0.48099 0.543056 0.477865 0.555556 0.478385 0.562963 0.479687 0.56713 0.491406 0.584722 0.494271 0.5875 0.497917 0.587963 0.497656 0.585185 0.495833 0.581944 0.49401 0.575 0.491406 0.57037 0.488021 0.56713 0.484375 0.560648 0.483073 0.55463 0.483073 0.548611 0.484115 0.54213
0 0.289583 0.481019 0.286458 0.480093 0.286979 0.485648 0.286458 0.497685 0.278906 0.523611 0.275781 0.531944 0.276042 0.535648 0.276823 0.534259 0.280208 0.532407 0.284375 0.525463 0.291406 0.505093 0.292187 0.494444
0 0.38776 0.613889 0.386979 0.612037 0.385677 0.614815 0.383073 0.617593 0.373958 0.62037 0.369792 0.622685 0.364063 0.627778 0.342969 0.639352 0.337057 0.643148 0.332474 0.647917 0.328646 0.650556 0.33151 0.654167 0.334896 0.656019 0.340885 0.655093 0.34974 0.649537 0.359635 0.639352 0.364323 0.6375 0.369792 0.6375 0.374479 0.631481 0.386979 0.62037 0.388021 0.616204
0 0.689323 0.380093 0.688021 0.37963 0.685677 0.381019 0.684896 0.385185 0.68125 0.389815 0.657813 0.395833 0.613802 0.414352 0.598437 0.423611 0.591406 0.431481 0.583333 0.435648 0.58099 0.439352 0.585156 0.439815 0.589583 0.438426 0.603385 0.437963 0.628906 0.424074 0.658854 0.412963 0.682552 0.396759 0.688802 0.39537 0.689583 0.392593
0 0.0981771 0.647222 0.0994792 0.650463 0.101823 0.651852 0.11276 0.651852 0.120313 0.65463 0.144271 0.654167 0.163281 0.656481 0.180729 0.657407 0.196615 0.656481 0.203646 0.657407 0.205469 0.654167 0.205208 0.648148 0.203385 0.645833 0.194271 0.646759 0.184896 0.643519 0.171875 0.640741 0.129167 0.640278 0.108073 0.643519
0 0.961198 0.510648 0.958594 0.488426 0.957552 0.484259 0.95625 0.48287 0.953125 0.485648 0.947396 0.496296 0.942708 0.499074 0.935677 0.5 0.921615 0.499074 0.904948 0.506944 0.896354 0.508796 0.884375 0.513426 0.860417 0.52037 0.84974 0.522685 0.83099 0.529167 0.821875 0.534259 0.810156 0.536574 0.803906 0.539815 0.819531 0.541204 0.827865 0.543056 0.83776 0.543056 0.866406 0.535185 0.882031 0.53287 0.89401 0.52963 0.921354 0.518519 0.946094 0.505556 0.953385 0.505556 0.95599 0.509722 0.959375 0.512963 0.960938 0.5125
0 0.466406 0.619907 0.466927 0.625463 0.470313 0.625 0.47474 0.626852 0.489063 0.628704 0.494531 0.630556 0.507552 0.631481 0.52526 0.635648 0.535937 0.636574 0.543229 0.635648 0.547135 0.633333 0.546615 0.630093 0.538802 0.628704 0.514844 0.619907 0.496354 0.615278 0.486719 0.615741 0.480469 0.618056 0.469531 0.617593 0.466927 0.618519
0 0.189062 0.372685 0.188802 0.376389 0.189583 0.383333 0.192448 0.389352 0.197917 0.406481 0.19974 0.425 0.203125 0.444444 0.20651 0.454167 0.209896 0.460648 0.210938 0.459259 0.211198 0.457407 0.210938 0.435185 0.210156 0.429167 0.207813 0.421759 0.205729 0.408796 0.203646 0.400463 0.199479 0.390278 0.196094 0.384722 0.19375 0.38287 0.192448 0.380093 0.191146 0.37963
0 0.36276 0.551389 0.3625 0.563426 0.359375 0.570833 0.356771 0.581944 0.356771 0.594444 0.357552 0.597685 0.359115 0.599537 0.361719 0.594907 0.363281 0.581019 0.366146 0.565278 0.366146 0.560185 0.365365 0.556944
0 0.188542 0.594907 0.188542 0.602778 0.195312 0.610185 0.202083 0.621759 0.203125 0.625 0.209896 0.637963 0.216927 0.645833 0.219531 0.645833 0.220312 0.646759 0.220312 0.643056 0.217448 0.636574 0.216667 0.63287 0.207031 0.616204 0.205729 0.6125 0.201563 0.606944 0.197917 0.603704 0.19401 0.601852 0.190365 0.594907 0.189323 0.593981
0 0.554948 0.612963 0.555469 0.616204 0.557031 0.619907 0.557031 0.623611 0.55599 0.625926 0.553125 0.626852 0.552604 0.630093 0.557292 0.634722 0.564844 0.638889 0.565625 0.640741 0.564323 0.643981 0.577865 0.661574 0.5875 0.668519 0.59349 0.669444 0.595833 0.668519 0.598698 0.665278 0.604167 0.662963 0.605729 0.661111 0.604688 0.637037 0.601823 0.626852 0.597656 0.619444 0.591667 0.615278 0.584896 0.614352 0.570052 0.616204 0.567448 0.620833 0.566406 0.618981 0.558073 0.6125
0 0.417187 0.568056 0.417187 0.573148 0.418229 0.576389 0.421875 0.576389 0.427344 0.579167 0.441927 0.591667 0.466667 0.603241 0.484635 0.613426 0.491406 0.614352 0.495052 0.6125 0.492188 0.609259 0.489063 0.607407 0.480729 0.598148 0.470313 0.591204 0.459635 0.585648 0.452604 0.583333 0.442448 0.576852 0.427344 0.573611 0.422396 0.569907 0.418229 0.564352
0 0.332031 0.664352 0.329688 0.65463 0.327604 0.650463 0.323958 0.647222 0.319271 0.646759 0.313802 0.648611 0.303906 0.656481 0.30026 0.650463 0.298203 0.645833 0.29651 0.654583 0.295391 0.671296 0.298698 0.666667 0.303385 0.66713 0.310417 0.675463 0.316146 0.678241 0.321615 0.678704 0.32526 0.677315 0.328125 0.674537 0.33151 0.668519
0 0.0289063 0.647222 0.0307292 0.650926 0.040625 0.65463 0.0822917 0.656944 0.0984375 0.65463 0.101823 0.650926 0.0997396 0.647222 0.0966146 0.646296 0.0429688 0.644444 0.0348958 0.644907
