0 0.230729 0.130093 0.230208 0.133333 0.23776 0.144907 0.240885 0.146296 0.24401 0.14537 0.246875 0.140278 0.245833 0.135185 0.241146 0.127778 0.238021 0.124537 0.234115 0.125 0.232031 0.129167
0 0.201823 0.619444 0.201823 0.622685 0.203125 0.624537 0.210156 0.625 0.213542 0.623148 0.213021 0.619444 0.209896 0.617593 0.202865 0.617593
0 0.310677 0.636574 0.310677 0.640741 0.314063 0.643056 0.318229 0.643519 0.321094 0.640741 0.320312 0.637037 0.317708 0.635648 0.314063 0.635185
0 0.284375 0.65787 0.284896 0.661111 0.289844 0.662963 0.295312 0.661111 0.294792 0.65787 0.289844 0.655093 0.286458 0.655093
0 0.185156 0.553704 0.185677 0.556944 0.191927 0.561111 0.197135 0.560648 0.2 0.556944 0.199479 0.555556 0.197396 0.554167 0.190104 0.552315 0.186458 0.552315
0 0.272656 0.570833 0.273698 0.574537 0.276042 0.575926 0.283333 0.575926 0.286458 0.574537 0.285156 0.570833 0.279687 0.568056 0.275521 0.567593
0 0.315625 0.619444 0.317448 0.621759 0.321354 0.623148 0.327604 0.622685 0.329427 0.619907 0.326562 0.615741 0.321354 0.614352 0.317448 0.614815 0.316146 0.616204
0 0.192188 0.625926 0.190104 0.623148 0.185938 0.623148 0.182031 0.625926 0.180469 0.630093 0.182031 0.632407 0.185677 0.63287 0.190104 0.630556
0 0.363542 0.168056 0.363802 0.171296 0.365625 0.175 0.369531 0.178241 0.378125 0.180556 0.38099 0.180556 0.383073 0.178241 0.383073 0.169907 0.382031 0.164815 0.379427 0.160185 0.376042 0.156944 0.373177 0.156019 0.369792 0.157407 0.366406 0.161111 0.364583 0.164352
0 0.192188 0.503241 0.192448 0.506481 0.195573 0.510648 0.202604 0.512963 0.206745 0.513843 0.204687 0.508333 0.19974 0.502778 0.192969 0.501852
0 0.134375 0.602315 0.133594 0.600463 0.130469 0.598611 0.127083 0.599074 0.123438 0.601852 0.123177 0.60463 0.126042 0.60787 0.130729 0.60787 0.133594 0.606019
0 0.221615 0.525 0.224219 0.529167 0.230469 0.532407 0.233854 0.532407 0.233854 0.52963 0.230729 0.524537 0.228385 0.522685 0.222917 0.522222
0 0.323698 0.646296 0.32474 0.649537 0.328125 0.652315 0.334635 0.650926 0.335938 0.647685 0.334375 0.644444 0.328125 0.642593 0.324479 0.643519
0 0.1375 0.456019 0.140625 0.462963 0.145573 0.466667 0.160677 0.473611 0.172656 0.477315 0.192969 0.480556 0.208854 0.481481 0.219531 0.484259 0.234115 0.486111 0.240625 0.485648 0.258854 0.480556 0.248698 0.478241 0.23776 0.473611 0.229167 0.472222 0.219792 0.468519 0.210677 0.467593 0.19974 0.463426 0.175521 0.462037 0.161198 0.459722 0.154427 0.462963 0.147135 0.462963 0.143229 0.459722 0.140625 0.45463 0.138281 0.45463
0 0.203125 0.0402778 0.201823 0.0435185 0.202344 0.049537 0.204948 0.0569444 0.20651 0.0597222 0.209635 0.0625 0.213802 0.062963 0.214844 0.062037 0.215365 0.0578704 0.213021 0.0472222 0.208073 0.0402778 0.20651 0.0393519
0 0.244531 0.530093 0.244531 0.533796 0.246354 0.536111 0.257292 0.536111 0.256771 0.53287 0.254948 0.530556 0.251302 0.528241 0.247396 0.527778
0 0.0515625 0.0916667 0.053125 0.0986111 0.0578125 0.105556 0.0596354 0.106944 0.0640625 0.10787 0.0674479 0.106019 0.0692708 0.103704 0.0726563 0.102315 0.071875 0.0986111 0.0700521 0.0972222 0.0640625 0.0884259 0.0601563 0.0842593 0.0575521 0.0828704 0.0536458 0.0837963 0.0526042 0.0851852
0 0.277083 0.605556 0.278906 0.60787 0.286719 0.60787 0.290365 0.606019 0.291901 0.603056 0.290104 0.601852 0.286719 0.599537 0.282292 0.599074 0.278125 0.601852
0 0.290885 0.596296 0.291146 0.598611 0.292969 0.6 0.296875 0.599537 0.30026 0.596759 0.301042 0.593981 0.30026 0.59213 0.295312 0.591667 0.292448 0.593056
0 0.0151042 0.4875 0.015625 0.491204 0.0195312 0.494907 0.0247396 0.496759 0.0283854 0.496759 0.0296875 0.49537 0.0260417 0.488889 0.021875 0.485648 0.01875 0.484259 0.015625 0.485648
0 0.246615 0.633796 0.246615 0.6375 0.248177 0.639352 0.254688 0.639815 0.255729 0.6375 0.254427 0.634722 0.251563 0.63287 0.247656 0.63287
0 0.314583 0.699074 0.315885 0.701852 0.317969 0.703241 0.326823 0.702778 0.327083 0.701389 0.326562 0.698611 0.321094 0.69537 0.316667 0.69537 0.315365 0.696296
0 0.199219 0.653704 0.2 0.657407 0.202604 0.658796 0.210677 0.65787 0.213542 0.656019 0.214062 0.65463 0.21276 0.651852 0.208073 0.65 0.202865 0.65
0 0.2125 0.219907 0.213802 0.224537 0.220312 0.231019 0.223177 0.230556 0.225 0.226852 0.23099 0.223611 0.23099 0.219907 0.229427 0.21713 0.223698 0.211111 0.220312 0.210648 0.216146 0.212963 0.213021 0.216667
0 0.336979 0.195833 0.33724 0.199074 0.339062 0.203704 0.34349 0.206944 0.345573 0.206944 0.350781 0.199537 0.351302 0.196296 0.349219 0.191667 0.345573 0.188889 0.340365 0.189352 0.338281 0.191204
0 0.0929688 0.515278 0.09375 0.518519 0.0989583 0.521296 0.10625 0.521759 0.108333 0.519444 0.10625 0.515278 0.0989583 0.511574 0.0953125 0.512037
0 0.23724 0.671759 0.239583 0.675 0.244531 0.676852 0.248698 0.677315 0.251302 0.675 0.248177 0.670833 0.242188 0.667593 0.238802 0.668056
0 0.158073 0.55 0.158073 0.553704 0.161198 0.558333 0.164844 0.560648 0.16875 0.561111 0.172552 0.561991 0.170573 0.556944 0.168229 0.551852 0.161458 0.548611
0 0.525781 0.160648 0.52474 0.159259 0.522396 0.158796 0.513802 0.164815 0.511979 0.168056 0.508594 0.178704 0.508594 0.186111 0.511979 0.187963 0.516667 0.185648 0.51849 0.183333 0.522396 0.174537 0.523958 0.167593 0.52526 0.164815
0 0.217708 0.0875 0.217708 0.0916667 0.220833 0.0990741 0.223438 0.101389 0.227344 0.100926 0.229427 0.0990741 0.232292 0.0949074 0.233073 0.0921296 0.229427 0.0842593 0.224219 0.0791667 0.220312 0.0800926
0 0.327865 0.657407 0.328125 0.661111 0.33125 0.662963 0.335156 0.663426 0.338542 0.661111 0.336719 0.65787 0.33151 0.65463 0.328385 0.656019
0 0.35599 0.637037 0.358073 0.644444 0.361719 0.65 0.365365 0.651852 0.366667 0.650926 0.366146 0.645833 0.360677 0.637037 0.359115 0.635648
0 0.167708 0.616204 0.167708 0.619444 0.171875 0.623611 0.179167 0.624074 0.179948 0.623148 0.179688 0.619444 0.17526 0.614815 0.170573 0.613889
0 0.301302 0.615741 0.302604 0.619444 0.30651 0.62037 0.310937 0.619444 0.313281 0.616204 0.311458 0.613889 0.307031 0.612037 0.302865 0.612963
