0 0.0510417 0.546759 0.0513021 0.55 0.053125 0.553704 0.065625 0.569907 0.0739583 0.587037 0.0776042 0.590741 0.0789062 0.589815 0.0791667 0.587963 0.0773438 0.583796 0.0744792 0.572222 0.0710937 0.565741 0.0671875 0.560185 0.0541667 0.545833 0.053125 0.54537
0 0.188542 0.543981 0.189062 0.547222 0.192448 0.550463 0.204687 0.554167 0.214844 0.560648 0.223177 0.568056 0.227344 0.573611 0.23099 0.575463 0.235677 0.57963 0.23776 0.584259 0.240104 0.583796 0.240625 0.582407 0.239063 0.577315 0.225 0.561574 0.220312 0.553241 0.216667 0.554167 0.209635 0.546759 0.19974 0.542593 0.195573 0.54213 0.188802 0.543056
0 0.895469 0.875139 0.894818 0.879907 0.896875 0.888426 0.903906 0.891204 0.906771 0.889815 0.907292 0.885185 0.902865 0.876852 0.900781 0.874537
0 0.310417 0.623611 0.307292 0.624074 0.30599 0.636574 0.307292 0.653241 0.310677 0.648611 0.311719 0.631944
0 0.282813 0.505093 0.279427 0.505093 0.273438 0.507407 0.266146 0.506944 0.261719 0.50787 0.245573 0.515278 0.238542 0.521759 0.227604 0.536111 0.223177 0.538889 0.221615 0.543056 0.222135 0.546759 0.223958 0.548611 0.226302 0.545833 0.239323 0.539815 0.25625 0.526852 0.272917 0.518981 0.283073 0.508333
0 0.649479 0.771759 0.651042 0.775463 0.657552 0.780093 0.661198 0.780093 0.663281 0.779167 0.665104 0.776852 0.666406 0.772685 0.666406 0.768981 0.664583 0.765278 0.66224 0.763426 0.654427 0.762963 0.651563 0.765278 0.65 0.768519
0 0.0526042 0.452778 0.0528646 0.460185 0.0539063 0.4625 0.0630208 0.46713 0.0744792 0.484259 0.0763021 0.485185 0.0802083 0.490741 0.0828125 0.50463 0.0848958 0.512037 0.0882813 0.519907 0.0895833 0.519444 0.090625 0.516204 0.0898438 0.493981 0.0916667 0.491667 0.0963542 0.494907 0.0984375 0.498611 0.104427 0.505093 0.111458 0.508333 0.121875 0.510185 0.14401 0.509722 0.147656 0.508796 0.148438 0.50787 0.148698 0.50463 0.14401 0.484259 0.14401 0.480093 0.147656 0.480556 0.149479 0.482407 0.152083 0.487037 0.156771 0.499074 0.164323 0.512037 0.16875 0.515278 0.172396 0.515741 0.169531 0.507407 0.169792 0.498148 0.172135 0.484722 0.177083 0.463889 0.180208 0.454167 0.183854 0.447685 0.185677 0.445833 0.182552 0.443981 0.176563 0.445833 0.166146 0.452315 0.154427 0.462963 0.150521 0.463426 0.148438 0.460185 0.148698 0.459259 0.151823 0.45787 0.161198 0.449537 0.160677 0.446296 0.15625 0.438426 0.151302 0.432407 0.136719 0.421759 0.120052 0.413426 0.11224 0.411111 0.0958333 0.410648 0.0809896 0.41713 0.0744792 0.421296 0.0677083 0.429167 0.0583333 0.444907
0 0.478047 0.938241 0.478932 0.943519 0.484375 0.950463 0.486719 0.951852 0.492969 0.948148 0.492448 0.940741 0.489323 0.935648 0.486458 0.933333 0.483073 0.933796
0 0.726302 0.55 0.727344 0.564815 0.729688 0.56713 0.73099 0.56713 0.735417 0.561574 0.741146 0.560185 0.753646 0.561574 0.76875 0.564815 0.836458 0.568981 0.854948 0.574537 0.86276 0.575463 0.878385 0.573611 0.896615 0.574074 0.897917 0.571759 0.897396 0.569907 0.894792 0.568519 0.869792 0.563426 0.865625 0.560185 0.857031 0.556944 0.80625 0.547685 0.768229 0.547685 0.74375 0.552778 0.73724 0.552778 0.730729 0.546759 0.727344 0.546296
0 0.49974 0.529167 0.498177 0.527778 0.483594 0.528241 0.464583 0.525463 0.455208 0.525926 0.443229 0.528241 0.420312 0.536111 0.407813 0.543519 0.398958 0.54537 0.397396 0.546759 0.396094 0.554167 0.397396 0.556944 0.399219 0.554167 0.404167 0.552315 0.423698 0.55 0.453125 0.54213 0.464323 0.540741 0.479687 0.540741 0.496615 0.534259 0.498698 0.53287
0 0.805729 0.512963 0.805729 0.536111 0.807031 0.537963 0.810417 0.536111 0.817708 0.528241 0.82526 0.527315 0.859635 0.536111 0.932031 0.544444 0.947135 0.548148 0.967969 0.555093 0.983333 0.555556 0.99974 0.554167 0.99974 0.548148 0.985417 0.544444 0.979688 0.541667 0.976823 0.538889 0.959635 0.53287 0.953906 0.529167 0.949479 0.527778 0.941146 0.527778 0.932292 0.525463 0.921094 0.525 0.91849 0.523611 0.906771 0.523148 0.890625 0.52037 0.866146 0.519444 0.853125 0.515278 0.834896 0.518981 0.826042 0.518981 0.81901 0.516667 0.814323 0.511111 0.810677 0.50787 0.807031 0.507407 0.80625 0.508796
0 0.642188 0.525926 0.63776 0.523611 0.629167 0.522222 0.61901 0.518056 0.609896 0.516667 0.603125 0.514352 0.577083 0.514352 0.567969 0.515278 0.556771 0.518519 0.546615 0.525463 0.540104 0.528241 0.535417 0.528704 0.532813 0.526852 0.53151 0.528704 0.532292 0.54213 0.533073 0.543519 0.534896 0.539352 0.53776 0.535648 0.541927 0.533796 0.563281 0.534259 0.588802 0.531944 0.598437 0.530093 0.615104 0.53287 0.621615 0.53287 0.640625 0.528241
