0 0.0854167 0.449537 0.0856771 0.452778 0.0916667 0.456944 0.0979167 0.458796 0.102604 0.459259 0.105729 0.458333 0.108073 0.456481 0.108854 0.453704 0.10599 0.447685 0.102604 0.444444 0.0994792 0.443519 0.0947917 0.443981 0.0885417 0.446296
0 0.119531 0.556481 0.116146 0.55463 0.113281 0.560185 0.109896 0.561574 0.10599 0.556019 0.102604 0.55463 0.0986979 0.555556 0.0955729 0.55787 0.08125 0.578704 0.0804688 0.58287 0.0807292 0.589815 0.0815104 0.59213 0.0848958 0.594907 0.0955729 0.595833 0.10625 0.591667 0.108073 0.588426 0.109635 0.58287 0.111719 0.580093 0.11276 0.57963 0.116146 0.584259 0.11849 0.583333 0.119531 0.581481 0.11901 0.572222 0.119792 0.563889
0 0.599219 0.406481 0.598698 0.401389 0.591927 0.388426 0.584635 0.388426 0.574479 0.393056 0.572917 0.397222 0.577083 0.4 0.580469 0.405093 0.591146 0.4125 0.596615 0.412037 0.597656 0.411111
0 0.586719 0.675926 0.585938 0.681944 0.585677 0.695833 0.584635 0.699074 0.58151 0.704167 0.580208 0.709722 0.580469 0.713426 0.58151 0.716204 0.584115 0.718519 0.590885 0.721296 0.592969 0.723611 0.589844 0.734259 0.589583 0.737963 0.591146 0.74537 0.594271 0.752315 0.598698 0.757407 0.60651 0.761111 0.611198 0.765278 0.60625 0.772685 0.6125 0.775926 0.61901 0.776389 0.62526 0.778704 0.633594 0.778241 0.640885 0.772685 0.64401 0.768519 0.644531 0.762037 0.64401 0.752778 0.642188 0.746759 0.640625 0.7375 0.635677 0.721759 0.633594 0.711111 0.630208 0.70463 0.626563 0.699537 0.613802 0.691204 0.602344 0.680556 0.600781 0.681019 0.599479 0.68287 0.59974 0.694907 0.599219 0.699537 0.598698 0.7 0.597135 0.693519 0.594792 0.690741 0.591927 0.680556 0.588542 0.674074
0 0.584896 0.312037 0.582812 0.313889 0.579427 0.320833 0.579688 0.327315 0.58151 0.331944 0.584896 0.331944 0.586719 0.327315 0.58724 0.316667 0.586979 0.314352
0 0.477083 0.173611 0.473698 0.173611 0.469792 0.181481 0.46901 0.184722 0.46901 0.189352 0.470573 0.193519 0.474219 0.19537 0.476823 0.193519 0.478646 0.188889 0.479167 0.180093 0.478125 0.175
0 0.515365 0.766204 0.513802 0.771296 0.511198 0.789815 0.511979 0.797685 0.514583 0.8 0.515365 0.8 0.516927 0.795833 0.517448 0.789352 0.517448 0.779167
0 0.33724 0.25 0.338281 0.255093 0.340625 0.258796 0.345052 0.262963 0.352083 0.266204 0.363802 0.265741 0.368229 0.262963 0.372917 0.261574 0.374219 0.259259 0.373958 0.251389 0.365104 0.250463 0.353125 0.243056 0.341146 0.243981 0.338542 0.24537
0 0.395052 0.533796 0.395313 0.535648 0.397917 0.539352 0.40026 0.540278 0.405469 0.539815 0.411458 0.536574 0.415625 0.53287 0.422135 0.531019 0.424479 0.522685 0.415885 0.522222 0.408333 0.518981 0.404167 0.519907 0.401042 0.522222 0.395573 0.530093
0 0.389583 0.491204 0.389323 0.494444 0.390365 0.497222 0.39401 0.500463 0.404427 0.499537 0.405469 0.498148 0.40625 0.491667 0.405208 0.488426 0.398958 0.484722 0.39401 0.485648 0.391667 0.4875
0 0.598698 0.861574 0.596094 0.860185 0.591927 0.861111 0.588802 0.865278 0.586458 0.871296 0.586458 0.875 0.588021 0.87963 0.590625 0.881019 0.593229 0.880093 0.595313 0.875 0.598958 0.869444 0.599219 0.863889
0 0.495573 0.657407 0.494271 0.656944 0.480729 0.660648 0.475521 0.668519 0.475 0.670833 0.47526 0.674537 0.477083 0.676389 0.484115 0.675463 0.494531 0.665278 0.496354 0.661111
0 0.636979 0.589352 0.633594 0.585648 0.630208 0.586111 0.627865 0.587963 0.622396 0.594907 0.619792 0.599537 0.619271 0.605556 0.625781 0.603704 0.630729 0.604167 0.634896 0.602315 0.636979 0.599074 0.63776 0.595833
0 0.203125 0.358796 0.202604 0.362037 0.203125 0.364815 0.2125 0.380093 0.216927 0.384722 0.220052 0.386574 0.223177 0.385185 0.223438 0.380093 0.222656 0.376852 0.217448 0.366667 0.213542 0.3625 0.20651 0.357407
0 0.14401 0.281944 0.144531 0.286111 0.147135 0.290278 0.151302 0.293981 0.157292 0.296759 0.171875 0.295833 0.17474 0.290741 0.177604 0.289352 0.178906 0.286574 0.176563 0.277778 0.1625 0.268981 0.157292 0.268981 0.152604 0.271296 0.144792 0.279167
0 0.289323 0.206481 0.289323 0.209722 0.290365 0.213889 0.29349 0.217593 0.296615 0.218981 0.305208 0.219444 0.31276 0.216667 0.3125 0.210648 0.310937 0.206944 0.30026 0.200926 0.292448 0.201852 0.290365 0.203241
0 0.73776 0.733333 0.73776 0.735648 0.741146 0.743056 0.745573 0.743981 0.75026 0.741204 0.752865 0.738426 0.753385 0.736111 0.752865 0.727315 0.748177 0.723611 0.744531 0.723611 0.741406 0.726389
0 0.169271 0.2375 0.16849 0.244444 0.16875 0.247222 0.171615 0.253241 0.176563 0.258333 0.179167 0.259259 0.18125 0.25787 0.181771 0.256019 0.18151 0.252778 0.177865 0.240741 0.17526 0.2375 0.172135 0.236111
0 0.38125 0.564352 0.371354 0.563889 0.369271 0.564815 0.36276 0.575926 0.358854 0.585185 0.359375 0.591667 0.3625 0.594907 0.367188 0.594907 0.369531 0.593519 0.371875 0.589352 0.376042 0.585185 0.377083 0.580556 0.380208 0.575463 0.380469 0.574074 0.379167 0.570833 0.38099 0.567593
0 0.208333 0.0527778 0.209896 0.0583333 0.210156 0.0643519 0.213281 0.0662037 0.221615 0.0740741 0.225521 0.075 0.23125 0.074537 0.234115 0.0712963 0.235677 0.0675926 0.235937 0.0583333 0.233854 0.0537037 0.230729 0.0523148 0.216406 0.0537037 0.21276 0.0532407 0.210156 0.0513889
0 0.303906 0.380093 0.307031 0.384259 0.310677 0.385185 0.316146 0.384259 0.33151 0.375463 0.333073 0.373148 0.333073 0.369907 0.33151 0.368056 0.32526 0.367593 0.322135 0.366204 0.313802 0.366204 0.310677 0.367593 0.305729 0.372685 0.303906 0.376389
0 0.928646 0.959722 0.92526 0.955093 0.921615 0.954167 0.916406 0.958333 0.909896 0.966204 0.904427 0.977778 0.901823 0.991667 0.901823 0.999537 0.927604 0.999537 0.927344 0.994444 0.922656 0.983796 0.920573 0.976852 0.920312 0.973611 0.922656 0.969907 0.926042 0.967593 0.929167 0.963889
0 0.00833333 0.209259 0.00833333 0.217593 0.00885417 0.219907 0.0125 0.223611 0.0166667 0.224537 0.0268229 0.231019 0.0320312 0.232407 0.0369792 0.231481 0.0398437 0.226852 0.0395833 0.223611 0.0367188 0.218519 0.0304687 0.212037 0.0252604 0.208333 0.0197917 0.206019 0.0138021 0.206019 0.0101563 0.206944
0 0.377344 0.727315 0.379948 0.729167 0.383594 0.729167 0.385937 0.730556 0.388281 0.734722 0.398177 0.744444 0.403646 0.747685 0.409375 0.747222 0.411198 0.745833 0.4125 0.741667 0.411719 0.736111 0.407031 0.727315 0.402083 0.722685 0.396875 0.72037 0.392188 0.719444 0.386979 0.72037 0.379688 0.71713 0.379427 0.719907 0.383073 0.723611 0.38151 0.725926
0 0.259375 0.314352 0.257552 0.31713 0.257031 0.325 0.257812 0.32963 0.259375 0.332407 0.259635 0.334259 0.261458 0.334259 0.263021 0.331481 0.263021 0.321296 0.261719 0.316204
0 0.564063 0.37963 0.565104 0.383333 0.567187 0.387037 0.573958 0.393056 0.578906 0.393056 0.586198 0.389352 0.592187 0.389352 0.59375 0.387037 0.584896 0.378241 0.578125 0.373148 0.570573 0.371759 0.567708 0.373148 0.565104 0.375926
