0 0.253385 0.644907 0.251563 0.648611 0.249219 0.671296 0.253385 0.673611 0.259375 0.681944 0.2625 0.682407 0.265365 0.680093 0.26875 0.674537 0.269271 0.671759 0.26901 0.665278 0.267448 0.65787 0.265885 0.655556 0.260417 0.653241 0.254948 0.643981
0 0.282813 0.721296 0.276302 0.723148 0.271615 0.727315 0.26875 0.732407 0.265625 0.741204 0.265365 0.743519 0.266927 0.755093 0.267969 0.758333 0.26875 0.759259 0.272396 0.757407 0.273438 0.755093 0.275 0.748148 0.275781 0.738889 0.277604 0.734722 0.282813 0.727315 0.283594 0.723611
0 0.15651 0.248148 0.156771 0.256481 0.158073 0.265278 0.154688 0.268981 0.163281 0.282407 0.177083 0.296759 0.192708 0.30787 0.203125 0.3125 0.207552 0.3125 0.209375 0.310185 0.208594 0.302315 0.204687 0.292593 0.194792 0.281019 0.185938 0.268519 0.170573 0.253704 0.165104 0.245833 0.157552 0.24537
0 0.192708 0.181481 0.189323 0.18287 0.186458 0.192593 0.182031 0.200463 0.168229 0.202315 0.160938 0.209259 0.157031 0.216204 0.153906 0.226852 0.153385 0.23287 0.154427 0.236574 0.157552 0.241204 0.164062 0.24537 0.165885 0.24537 0.169271 0.240278 0.171354 0.238889 0.178646 0.2375 0.179948 0.234722 0.179427 0.231019 0.179948 0.226852 0.183073 0.22037 0.185417 0.21713 0.190625 0.215278 0.191667 0.213889 0.189583 0.207407 0.189583 0.202315 0.192448 0.187963
0 0.338281 0.798148 0.3375 0.792593 0.335156 0.787037 0.327604 0.778704 0.323958 0.777778 0.310937 0.785185 0.303646 0.785185 0.303125 0.787037 0.304167 0.793056 0.302344 0.800463 0.303646 0.801852 0.30625 0.798611 0.310677 0.797222 0.317969 0.802778 0.334375 0.805556 0.3375 0.802778
0 0.439063 0.17037 0.435156 0.168056 0.432292 0.168981 0.428906 0.171759 0.421094 0.181481 0.416927 0.191204 0.40599 0.208333 0.401562 0.214352 0.390885 0.225926 0.38724 0.228704 0.383594 0.229167 0.376823 0.225463 0.37526 0.225926 0.37474 0.227778 0.377344 0.236574 0.377344 0.240741 0.376302 0.244444 0.372135 0.251389 0.370833 0.255093 0.371094 0.256019 0.373177 0.256944 0.382552 0.246759 0.386979 0.243981 0.390104 0.243056 0.397396 0.243981 0.400521 0.240278 0.409115 0.235185 0.4125 0.231481 0.42526 0.214352 0.432031 0.202315 0.439583 0.182407 0.440365 0.177778
0 0.847656 0.976852 0.845313 0.973148 0.842187 0.971296 0.838021 0.971296 0.834635 0.973148 0.83125 0.978241 0.828125 0.985185 0.826562 0.990741 0.826042 0.999537 0.84375 0.999537 0.84375 0.997685 0.846615 0.991667 0.848437 0.984259 0.848437 0.980093
0 0.0684896 0.122222 0.0669271 0.136574 0.0669271 0.143981 0.0679687 0.150926 0.0794271 0.165278 0.0841146 0.173148 0.0864583 0.178704 0.0848958 0.18287 0.08125 0.183796 0.0802083 0.185648 0.0815104 0.189352 0.0848958 0.193519 0.0908854 0.197222 0.0953125 0.201852 0.1 0.209722 0.1125 0.227315 0.126562 0.244907 0.131771 0.249537 0.142708 0.262037 0.154427 0.271296 0.157812 0.271759 0.161979 0.265278 0.161979 0.261574 0.160156 0.255556 0.160156 0.251389 0.1625 0.248148 0.158594 0.245833 0.153906 0.239815 0.140104 0.213426 0.131771 0.20463 0.10651 0.171759 0.0997396 0.166667 0.0861979 0.152778 0.0833333 0.149074 0.0791667 0.141204 0.0744792 0.126389 0.0716146 0.119907 0.0697917 0.119907
0 0.20625 0.250926 0.205208 0.256944 0.205208 0.268981 0.202083 0.279167 0.201563 0.28287 0.202604 0.286574 0.206771 0.293519 0.209375 0.3 0.209896 0.30463 0.210938 0.306944 0.210938 0.311111 0.2125 0.316667 0.215104 0.32037 0.217708 0.322222 0.221354 0.330556 0.222135 0.335185 0.222396 0.344907 0.223958 0.356019 0.226562 0.368056 0.227604 0.37037 0.230469 0.373148 0.234375 0.373148 0.236458 0.369907 0.236719 0.353704 0.23776 0.344444 0.236719 0.331481 0.234896 0.320833 0.233073 0.314352 0.225781 0.296759 0.219271 0.288889 0.214844 0.281481 0.211458 0.270833 0.209896 0.262037
0 0.17526 0.6375 0.171094 0.643981 0.170313 0.647685 0.170313 0.651852 0.171615 0.659259 0.173177 0.664352 0.175 0.666667 0.178125 0.664815 0.18099 0.656944 0.180208 0.643981 0.178646 0.637963
0 0.0153646 0.0763889 0.0140625 0.0796296 0.00755208 0.0875 0.00364583 0.0949074 0.00442708 0.105093 0.00833333 0.117593 0.00911458 0.123148 0.00807292 0.130093 0.00442708 0.133333 0.00338542 0.137037 0.0117188 0.145833 0.0304687 0.185185 0.034375 0.190741 0.0460938 0.212037 0.0536458 0.220833 0.0572917 0.223611 0.0604167 0.224537 0.0625 0.223611 0.0640625 0.22037 0.0640625 0.216204 0.0617188 0.201852 0.0617188 0.192593 0.0611979 0.190741 0.0554687 0.181481 0.0445313 0.150926 0.0315104 0.126389 0.0291667 0.117593 0.0221354 0.1125 0.0164063 0.103704 0.015625 0.1 0.015625 0.0921296 0.0166667 0.0791667
0 0.251563 0.34537 0.255208 0.344907 0.25599 0.343519 0.258594 0.342593 0.263021 0.338889 0.269271 0.3375 0.277344 0.340741 0.285938 0.349537 0.303646 0.352778 0.315625 0.352778 0.331771 0.346296 0.342969 0.338889 0.35026 0.331944 0.352604 0.327778 0.354167 0.320833 0.353385 0.31713 0.352604 0.316204 0.345833 0.313889 0.338802 0.313889 0.334375 0.315278 0.325781 0.315278 0.317708 0.313889 0.31276 0.318981 0.30026 0.321759 0.289062 0.321296 0.279167 0.322685 0.274479 0.322222 0.264844 0.318981 0.261719 0.315741 0.259896 0.315278 0.258594 0.312963 0.258594 0.311574 0.258333 0.321759 0.259375 0.324537 0.260156 0.331481 0.258594 0.335648 0.253906 0.341204 0.252865 0.344907
