0 0.767188 0.593056 0.767708 0.59537 0.770573 0.599074 0.775781 0.602778 0.791667 0.602778 0.79375 0.601852 0.796875 0.594444 0.79974 0.591667 0.800521 0.588426 0.797135 0.584722 0.791406 0.580556 0.785937 0.577778 0.779167 0.576389 0.772917 0.581019 0.770312 0.584259 0.768229 0.588426
0 0.636719 0.756019 0.635938 0.758333 0.636458 0.765741 0.635417 0.769907 0.635677 0.775 0.636719 0.779167 0.640625 0.77963 0.643229 0.773611 0.643229 0.766667 0.640365 0.758796
0 0.86276 0.808333 0.861458 0.803704 0.85599 0.79537 0.853646 0.789352 0.851042 0.786111 0.847917 0.784722 0.842187 0.779167 0.838802 0.777315 0.830208 0.775926 0.81875 0.778704 0.81224 0.782407 0.806771 0.787037 0.798177 0.796759 0.786719 0.815741 0.783333 0.819444 0.777865 0.818519 0.773177 0.814815 0.76875 0.809722 0.765625 0.809259 0.765104 0.810648 0.767448 0.824074 0.76901 0.845833 0.772656 0.848148 0.774479 0.843519 0.776042 0.841667 0.777865 0.835185 0.780469 0.831019 0.782031 0.82963 0.786719 0.82963 0.795833 0.838426 0.808333 0.844907 0.810964 0.844398 0.812995 0.843657 0.816406 0.844907 0.820833 0.840741 0.840365 0.835648 0.850521 0.830093 0.85651 0.828241 0.859115 0.825 0.8625 0.818056
0 0.892969 0.087963 0.892448 0.0847222 0.889844 0.0833333 0.879948 0.0898148 0.873437 0.0972222 0.866406 0.099537 0.836719 0.0986111 0.824219 0.0953704 0.817708 0.0921296 0.798438 0.0916667 0.761719 0.0953704 0.745313 0.0986111 0.713802 0.10787 0.70599 0.106944 0.694271 0.11713 0.67526 0.125926 0.66901 0.131944 0.640104 0.143519 0.636719 0.147222 0.636198 0.150926 0.636979 0.151852 0.642969 0.151852 0.657292 0.148148 0.683333 0.147222 0.704427 0.138889 0.719792 0.135185 0.782552 0.125 0.817448 0.122222 0.861979 0.1125 0.867708 0.1125 0.872917 0.113889 0.879948 0.126389 0.883594 0.126852 0.884896 0.123611 0.885677 0.116204 0.88724 0.109259 0.890625 0.101852
0 0.936458 0.817593 0.936979 0.820833 0.936979 0.848611 0.938542 0.85 0.942969 0.850926 0.949219 0.843519 0.952865 0.843056 0.953906 0.844907 0.953906 0.848148 0.954688 0.849074 0.963802 0.849537 0.966927 0.850926 0.972135 0.856019 0.977865 0.856481 0.989062 0.849537 0.991667 0.842593 0.990104 0.831481 0.986198 0.820833 0.977344 0.809259 0.970052 0.80463 0.95651 0.800463 0.953125 0.800926 0.949219 0.803704 0.946875 0.810185 0.947396 0.817593 0.946094 0.82037 0.939323 0.814352 0.93776 0.814815
0 0.740885 0.770833 0.734375 0.764352 0.730469 0.763426 0.728385 0.765278 0.720573 0.775926 0.719792 0.778704 0.720833 0.782407 0.720313 0.784722 0.71901 0.786111 0.716406 0.786574 0.715365 0.788426 0.717448 0.795833 0.716927 0.800926 0.720313 0.801389 0.723958 0.796296 0.72526 0.798611 0.726302 0.803241 0.727865 0.804167 0.733594 0.799074 0.738542 0.799074 0.739583 0.798148 0.740365 0.796296 0.740365 0.793519 0.742969 0.780093 0.743229 0.775926
0 0.590365 0.661111 0.591927 0.664815 0.595833 0.66713 0.599219 0.668056 0.60625 0.66713 0.609115 0.665278 0.613021 0.659722 0.614583 0.656481 0.616146 0.649537 0.608594 0.649537 0.602604 0.646759 0.596875 0.647222 0.59375 0.65 0.591927 0.653241
0 0.647656 0.324074 0.646875 0.320833 0.64401 0.318981 0.642188 0.322222 0.63724 0.327315 0.62474 0.327315 0.615104 0.325926 0.598958 0.330556 0.589323 0.331481 0.578646 0.334259 0.566667 0.340278 0.553125 0.34537 0.54974 0.348148 0.545573 0.353704 0.538802 0.358796 0.534896 0.363426 0.52474 0.370833 0.522656 0.373148 0.522396 0.376389 0.539583 0.372685 0.574479 0.356944 0.594271 0.353241 0.613021 0.347685 0.636979 0.338426 0.640885 0.339815 0.647396 0.345833 0.648177 0.340741
0 0.628906 0.565741 0.629167 0.570833 0.633333 0.577315 0.636979 0.580093 0.646354 0.580556 0.650521 0.57963 0.654167 0.577778 0.661458 0.569444 0.667448 0.571759 0.66901 0.571296 0.66849 0.569907 0.666406 0.568519 0.665365 0.563426 0.667448 0.558796 0.669531 0.556944 0.669531 0.553704 0.660937 0.556944 0.658073 0.552315 0.654948 0.550463 0.644792 0.548611 0.640365 0.549074 0.636979 0.550926 0.632552 0.556481 0.629948 0.561111
0 0.747917 0.560185 0.747135 0.556944 0.740625 0.55 0.733333 0.549074 0.727344 0.551852 0.719792 0.558333 0.717448 0.561111 0.716406 0.566204 0.714323 0.567593 0.709635 0.568056 0.705443 0.568843 0.71224 0.572222 0.713542 0.574074 0.711719 0.577778 0.708438 0.582917 0.71276 0.581019 0.716146 0.578704 0.720573 0.579167 0.723437 0.581481 0.734115 0.580556 0.739062 0.578241 0.742708 0.575 0.745052 0.570833 0.745833 0.563889
0 0.574479 0.928704 0.578646 0.931019 0.581771 0.936111 0.584896 0.956481 0.584896 0.973611 0.588021 0.972685 0.595313 0.968056 0.599479 0.968519 0.601042 0.970833 0.603906 0.981019 0.608333 0.991204 0.611458 0.995833 0.614062 0.997685 0.614323 0.999537 0.651042 0.999537 0.65026 0.994444 0.647396 0.985648 0.645573 0.982407 0.64401 0.976389 0.642708 0.974537 0.63776 0.962037 0.634115 0.957407 0.62474 0.951852 0.61901 0.952315 0.613281 0.956019 0.605729 0.953704 0.601042 0.950463 0.595052 0.939352 0.588021 0.931944 0.58151 0.927315 0.577344 0.927315
0 0.83125 0.494444 0.83151 0.497685 0.834635 0.505093 0.838021 0.507407 0.84401 0.509259 0.854427 0.508333 0.857552 0.506019 0.860156 0.500926 0.863281 0.498148 0.85651 0.49537 0.854948 0.493981 0.851302 0.4875 0.846354 0.483333 0.842448 0.483333 0.838021 0.486111 0.833333 0.490741
0 0.538802 0.680093 0.530729 0.67963 0.529427 0.678704 0.528906 0.69213 0.529427 0.700463 0.532813 0.700463 0.534115 0.693519 0.536979 0.686111 0.539583 0.681944
0 0.666693 0.575787 0.66401 0.584028 0.666927 0.591667 0.66849 0.597685 0.671615 0.605556 0.67474 0.611111 0.678385 0.613426 0.682292 0.612963 0.683333 0.610185 0.683333 0.598611 0.682292 0.594444 0.678646 0.5875 0.675521 0.584259 0.671875 0.582407
0 0.853125 0.629167 0.852344 0.626389 0.849479 0.621759 0.846615 0.619444 0.83776 0.618519 0.83151 0.620833 0.826823 0.627778 0.822135 0.630093 0.821094 0.633333 0.824479 0.636574 0.828385 0.6375 0.833594 0.641204 0.844792 0.641204 0.851562 0.637037 0.853125 0.633333
