0 0.229948 0.6 0.230208 0.601389 0.232031 0.602778 0.236198 0.601852 0.240104 0.605556 0.250521 0.603241 0.272656 0.604167 0.284896 0.602778 0.307812 0.605556 0.310937 0.604167 0.31224 0.601389 0.311198 0.599074 0.307552 0.596759 0.298438 0.595833 0.28776 0.591204 0.274479 0.593519 0.269531 0.59537 0.263542 0.594907 0.257031 0.596759 0.248698 0.596759 0.246094 0.594907 0.244271 0.590278 0.241406 0.595833 0.236719 0.598611 0.23151 0.598611
0 0.359115 0.857407 0.354167 0.863889 0.353385 0.868519 0.353646 0.873148 0.35599 0.887037 0.359375 0.891204 0.364063 0.891667 0.366146 0.889815 0.366667 0.883796 0.366146 0.867593 0.3625 0.856944
0 0.265365 0.646296 0.261979 0.652778 0.258594 0.661574 0.257031 0.668056 0.258073 0.671296 0.269271 0.670833 0.272135 0.675463 0.276042 0.687963 0.279427 0.695833 0.284375 0.702778 0.292448 0.710185 0.296615 0.711574 0.303125 0.709722 0.308594 0.706019 0.309635 0.688889 0.307812 0.681019 0.307292 0.674537 0.304948 0.669907 0.302865 0.667593 0.296615 0.663889 0.277344 0.663426 0.275 0.6625 0.272656 0.658796 0.271094 0.654167 0.270052 0.637037 0.26901 0.636111
0 0.97526 0.965278 0.975 0.96713 0.978646 0.973611 0.979427 0.977315 0.978385 0.984722 0.98125 0.986111 0.986979 0.983333 0.991406 0.98287 0.992448 0.985185 0.992708 0.991204 0.994531 0.994907 0.99974 0.99537 0.99974 0.955093 0.988021 0.956481 0.9875 0.959722 0.988802 0.963426 0.98776 0.96713 0.984115 0.96713 0.977344 0.963426
0 0.0268229 0.218519 0.0330729 0.222222 0.0364583 0.223148 0.0390625 0.225926 0.0424479 0.226852 0.0507812 0.23287 0.0635417 0.240278 0.0726563 0.243056 0.0778646 0.246759 0.0841146 0.249537 0.0940104 0.256019 0.102604 0.263426 0.1125 0.269444 0.116667 0.274074 0.122917 0.278704 0.128125 0.277315 0.142448 0.283796 0.15026 0.288889 0.161979 0.29213 0.168229 0.298148 0.170052 0.302315 0.173437 0.306481 0.17526 0.306019 0.176302 0.30463 0.179427 0.29537 0.178125 0.287963 0.169792 0.2875 0.154688 0.275463 0.132812 0.263889 0.128646 0.259722 0.116927 0.25463 0.108594 0.247685 0.102604 0.244907 0.0950521 0.239352 0.0908854 0.237963 0.0828125 0.231944 0.0682292 0.227778 0.0653646 0.225463 0.0565104 0.222685 0.0497396 0.218519 0.0403646 0.218056 0.0335937 0.215741 0.0286458 0.215741
0 0.493229 0.959259 0.491927 0.956019 0.4875 0.956019 0.485677 0.955093 0.484375 0.952778 0.484375 0.949074 0.483594 0.945833 0.483854 0.936574 0.480729 0.936574 0.477083 0.939815 0.463281 0.955093 0.459635 0.955556 0.457031 0.952778 0.45026 0.949074 0.441406 0.949537 0.432031 0.952778 0.420052 0.959722 0.409896 0.97037 0.409635 0.981481 0.409115 0.983796 0.407031 0.987037 0.40625 0.990741 0.40651 0.999537 0.46276 0.999537 0.463021 0.997685 0.464844 0.996296 0.468229 0.991204 0.46875 0.984259 0.469792 0.982407 0.484375 0.971759 0.491667 0.963426
0 0.284922 0.782593 0.285365 0.784676 0.285443 0.788148 0.285599 0.790278 0.28724 0.796065 0.289583 0.802315 0.296875 0.814815 0.30026 0.805556 0.301563 0.799537 0.301302 0.793056 0.30026 0.789815 0.296354 0.782407 0.291927 0.778704 0.288932 0.779537 0.28599 0.78037
0 0.3975 0.760833 0.398438 0.770833 0.392344 0.777222 0.396875 0.779167 0.39974 0.780093 0.401042 0.782407 0.402604 0.789815 0.407813 0.8 0.414583 0.808796 0.418229 0.811574 0.426042 0.8125 0.428646 0.810648 0.429688 0.804167 0.429167 0.793056 0.428646 0.789815 0.423698 0.77963 0.420573 0.775926 0.414583 0.771296 0.408333 0.768056 0.404167 0.768056 0.400781 0.7625
0 0.488802 0.760648 0.4875 0.760185 0.484375 0.762963 0.482292 0.766204 0.478385 0.77963 0.478125 0.786574 0.479167 0.793519 0.480729 0.796296 0.486458 0.796296 0.490104 0.793519 0.491146 0.791204 0.492448 0.781019 0.492448 0.771296 0.491146 0.763889
0 0.855729 0.965741 0.854688 0.9625 0.847917 0.958333 0.842187 0.958796 0.8375 0.962037 0.833333 0.966667 0.83151 0.969907 0.83099 0.974074 0.833594 0.978704 0.838021 0.981944 0.841406 0.98287 0.845573 0.982407 0.853385 0.978241 0.854948 0.973611
0 0.602083 0.934259 0.600781 0.935648 0.598698 0.948611 0.597656 0.950926 0.595573 0.952778 0.588281 0.946296 0.574479 0.937963 0.570312 0.938426 0.561979 0.945833 0.552865 0.956019 0.551302 0.958796 0.549479 0.968056 0.54349 0.9875 0.54349 0.992593 0.545312 0.996296 0.547396 0.997685 0.54888 0.999537 0.57974 0.999537 0.580729 0.997685 0.583333 0.995833 0.588542 0.988889 0.598698 0.972685 0.601823 0.975463 0.603646 0.974074 0.603646 0.97037 0.602344 0.963889 0.602604 0.94213
0 0.226562 0.728241 0.223698 0.727315 0.21901 0.734259 0.217448 0.741204 0.216927 0.753241 0.220833 0.753704 0.225521 0.744444 0.227344 0.737963 0.227344 0.730093
0 0.0747396 0.530093 0.0614583 0.52963 0.05625 0.531481 0.046875 0.539815 0.0416667 0.546296 0.0401042 0.550463 0.0398437 0.557407 0.0424479 0.5625 0.0455729 0.564815 0.0489583 0.565741 0.0544271 0.565741 0.0622396 0.561574 0.0669271 0.556944 0.0705729 0.550463 0.0744792 0.545833
0 0.439063 0.777778 0.438281 0.8 0.435156 0.803704 0.439063 0.809722 0.441146 0.816667 0.442448 0.818519 0.445573 0.817593 0.446354 0.814815 0.448177 0.812037 0.453385 0.810648 0.452865 0.806944 0.45 0.806944 0.447656 0.80463 0.447135 0.793056 0.446094 0.787963 0.442708 0.781019 0.442448 0.779167
0 0.205208 0.588426 0.20651 0.59213 0.213802 0.599537 0.220573 0.602778 0.227344 0.602778 0.234635 0.6 0.2375 0.597222 0.241667 0.596296 0.24349 0.591204 0.244531 0.574074 0.240365 0.573148 0.230208 0.566667 0.225521 0.565741 0.219531 0.566204 0.213021 0.571759 0.208594 0.577778 0.20651 0.58287
