0 0.95651 0.0291667 0.953906 0.0328704 0.948438 0.0453704 0.946094 0.0532407 0.944792 0.0615741 0.942448 0.0694444 0.940885 0.0777778 0.934896 0.0907407 0.934896 0.0930556 0.935937 0.0958333 0.938542 0.0972222 0.941667 0.0958333 0.95 0.0884259 0.953646 0.0819444 0.955469 0.074537 0.958594 0.0449074 0.958854 0.0361111 0.958073 0.0319444
0 0.984375 0.0949074 0.983073 0.0976852 0.982292 0.102315 0.984115 0.109722 0.98776 0.115741 0.995313 0.123148 0.99974 0.124074 0.99974 0.10787 0.998177 0.10787 0.994271 0.100926 0.99401 0.0990741 0.991667 0.0958333
0 0.850781 0.13287 0.85 0.129167 0.848698 0.126852 0.845313 0.126389 0.842187 0.130556 0.834115 0.134722 0.822396 0.136574 0.817187 0.139352 0.81276 0.143519 0.811198 0.148148 0.811719 0.150926 0.813802 0.15463 0.816406 0.155556 0.828646 0.15463 0.841146 0.150926 0.846354 0.148148 0.848958 0.143519 0.850521 0.1375
0 0.373698 0.461574 0.372656 0.463889 0.371875 0.472685 0.371875 0.481481 0.372917 0.489352 0.372656 0.504167 0.373177 0.506481 0.379948 0.518981 0.38151 0.519907 0.383333 0.523148 0.386979 0.533333 0.388542 0.530556 0.389062 0.518519 0.390365 0.514815 0.391927 0.517593 0.395052 0.52963 0.397396 0.533796 0.398958 0.53287 0.4 0.528241 0.401302 0.525926 0.408333 0.525926 0.408594 0.522222 0.400781 0.513426 0.398177 0.508333 0.40026 0.505093 0.408073 0.505556 0.408594 0.505093 0.408333 0.501852 0.401302 0.491667 0.396094 0.480093 0.39401 0.473611 0.390885 0.468056 0.384115 0.461574 0.377083 0.459722
0 0.31849 0.213426 0.318229 0.219444 0.321094 0.230556 0.325 0.239815 0.325781 0.244444 0.327604 0.247685 0.335156 0.247685 0.339844 0.252315 0.342708 0.253704 0.345573 0.253704 0.348958 0.248148 0.352083 0.253241 0.355729 0.254167 0.35625 0.243981 0.359115 0.233796 0.357292 0.231944 0.351302 0.229167 0.350521 0.227315 0.351823 0.224074 0.351042 0.22037 0.341927 0.209722 0.334635 0.202315 0.33151 0.200926 0.328385 0.202315 0.323437 0.206481
0 0.823177 0.111111 0.822135 0.109259 0.804167 0.114352 0.79401 0.114815 0.775521 0.120833 0.75625 0.123148 0.746354 0.126389 0.73724 0.131481 0.727865 0.134722 0.70013 0.141667 0.690703 0.137454 0.688203 0.150741 0.678125 0.153241 0.669271 0.15 0.658594 0.149074 0.647656 0.150926 0.646875 0.154167 0.65625 0.159259 0.659375 0.162037 0.664583 0.176389 0.671094 0.17037 0.679688 0.16713 0.69349 0.166667 0.700052 0.176852 0.713724 0.176204 0.707812 0.160648 0.714063 0.157407 0.758073 0.141667 0.789062 0.13287 0.8 0.126852 0.80651 0.121296 0.822656 0.112963
0 0.0882813 0.542593 0.0854167 0.535185 0.0760417 0.518519 0.0716146 0.514815 0.0679687 0.513426 0.0583333 0.5125 0.0481771 0.514352 0.0421875 0.51713 0.0320312 0.525 0.0255208 0.531944 0.0205729 0.539352 0.0148437 0.552315 0.0132812 0.55787 0.00598958 0.575926 0.00182292 0.57963 0 0.57963 0 0.587963 0.0015625 0.587963 0.00286458 0.591204 0.003125 0.600926 0.0046875 0.616667 0.00859375 0.621296 0.015625 0.620833 0.0164063 0.619444 0.0177083 0.612037 0.0203125 0.60787 0.0268229 0.604167 0.0494792 0.599074 0.0601563 0.59213 0.0664062 0.593056 0.0674479 0.59537 0.0697917 0.596296 0.0710937 0.599074 0.0731771 0.599074 0.0747396 0.601852 0.078125 0.593519 0.078125 0.591204 0.0768229 0.588889 0.0757812 0.584722 0.0768229 0.581481 0.0796875 0.578241 0.0835937 0.570833 0.0888021 0.556944 0.0890625 0.552778
0 0 0.0597222 0 0.0712963 0.0130208 0.0722222 0.0286458 0.0777778 0.0432292 0.0791667 0.0486979 0.0819444 0.0546875 0.0824074 0.0583333 0.0810185 0.0583333 0.0782407 0.0570312 0.0768519 0.0458333 0.0703704 0.0434896 0.0680556 0.0283854 0.062963 0.025 0.0606481
0 0.727344 0.255093 0.724219 0.251389 0.716927 0.252315 0.702604 0.246759 0.699479 0.243519 0.696615 0.24213 0.692448 0.243981 0.659115 0.244444 0.658594 0.247222 0.661458 0.251852 0.674479 0.2625 0.685677 0.266204 0.702083 0.266204 0.716667 0.264352 0.723437 0.262037 0.726042 0.259259
0 0.117448 0.209722 0.117188 0.213426 0.123698 0.21713 0.129948 0.224074 0.133854 0.224074 0.136458 0.220833 0.138281 0.216667 0.138281 0.212963 0.1375 0.209722 0.134115 0.203241 0.130729 0.200463 0.126823 0.200926 0.123438 0.205093
