0 0.580208 0.630093 0.579948 0.636111 0.58151 0.650926 0.580729 0.653704 0.577865 0.65787 0.575781 0.664815 0.57474 0.671296 0.577083 0.673148 0.585156 0.672222 0.586458 0.674074 0.586719 0.675463 0.584896 0.681019 0.584635 0.689815 0.585156 0.692593 0.588021 0.696759 0.591667 0.699537 0.603646 0.7 0.604948 0.702778 0.601562 0.706481 0.602344 0.709259 0.623698 0.706019 0.628125 0.702778 0.633594 0.696759 0.6375 0.689815 0.638021 0.684722 0.636979 0.675 0.633594 0.662963 0.630208 0.65463 0.627083 0.65 0.623958 0.640278 0.621354 0.637037 0.615885 0.633333 0.603906 0.631944 0.591927 0.628241 0.589844 0.630093 0.589844 0.641667 0.589323 0.644444 0.588281 0.64537 0.586198 0.637963 0.584375 0.635648 0.58151 0.629167
0 0.978385 0.983796 0.976562 0.980093 0.975 0.979167 0.963021 0.979167 0.961458 0.977778 0.960938 0.966204 0.959896 0.961111 0.95651 0.95787 0.952865 0.958333 0.940365 0.963426 0.935937 0.966204 0.932813 0.969907 0.92526 0.984722 0.922396 0.993981 0.922396 0.999537 0.957292 0.999537 0.957292 0.998148 0.958594 0.997222 0.966146 0.997685 0.966406 0.999537 0.976042 0.999537 0.976042 0.998148 0.978385 0.994907
0 0.0492187 0.449537 0.0484375 0.444907 0.0460938 0.439815 0.0401042 0.4375 0.0325521 0.438889 0.0289063 0.44213 0.0270833 0.445833 0.0286458 0.449537 0.0367188 0.453704 0.0424479 0.455093 0.046875 0.45463 0.0486979 0.452778
0 0.503125 0.643519 0.501563 0.642593 0.5 0.643981 0.498437 0.647222 0.496354 0.653704 0.497135 0.65787 0.498177 0.658796 0.501823 0.65787 0.503125 0.655093 0.504167 0.650926 0.504167 0.646759
0 0.227344 0.335185 0.227083 0.34213 0.227865 0.344444 0.231771 0.349074 0.234375 0.355556 0.241146 0.365741 0.247656 0.371296 0.251042 0.370833 0.253125 0.368056 0.253906 0.365741 0.253646 0.3625 0.251823 0.357407 0.248438 0.351389 0.245312 0.347685 0.23776 0.341667 0.235937 0.341204 0.230729 0.335648
0 0.577865 0.228241 0.576302 0.232407 0.576042 0.243519 0.579948 0.265741 0.58151 0.271759 0.584896 0.278704 0.588281 0.281481 0.589844 0.281019 0.591406 0.279167 0.591927 0.272222 0.588542 0.253241 0.584896 0.243981 0.579688 0.233796
0 0.415104 0.227315 0.415104 0.230556 0.416406 0.237037 0.418229 0.239815 0.422135 0.241667 0.442708 0.240741 0.446615 0.242593 0.447917 0.241204 0.446615 0.238889 0.445573 0.234259 0.447656 0.231944 0.451302 0.230556 0.451042 0.228704 0.45 0.227315 0.444531 0.226852 0.4375 0.22037 0.429167 0.215741 0.42526 0.215741 0.420573 0.218519 0.416667 0.222685
0 0.554427 0.741204 0.555729 0.747222 0.557031 0.749537 0.561198 0.750926 0.564063 0.75 0.569792 0.745833 0.57474 0.744444 0.573698 0.742593 0.573438 0.740278 0.57474 0.7375 0.578125 0.734259 0.571094 0.732407 0.567187 0.728241 0.563281 0.726852 0.560677 0.727778 0.55625 0.733333 0.554688 0.737037
0 0.111458 0.185185 0.111719 0.187963 0.11276 0.190278 0.117708 0.193981 0.122135 0.199537 0.126823 0.203241 0.130469 0.205093 0.134375 0.205093 0.136719 0.201852 0.136979 0.198611 0.135417 0.193981 0.132031 0.188889 0.127865 0.185185 0.117188 0.18287 0.1125 0.183333
0 0.203646 0.403704 0.201823 0.397222 0.199479 0.394907 0.195052 0.394444 0.186198 0.397685 0.183333 0.400926 0.182552 0.405093 0.183594 0.40787 0.191146 0.410185 0.197656 0.410185 0.202344 0.40787
0 0.57474 0.567593 0.572917 0.574074 0.573177 0.580556 0.57474 0.583796 0.580729 0.588426 0.585938 0.588426 0.58724 0.586574 0.58776 0.582407 0.586719 0.578241 0.579167 0.565741 0.577865 0.564815
0 0.364583 0.334259 0.364583 0.338426 0.365625 0.341667 0.369271 0.344444 0.377604 0.34537 0.38099 0.344444 0.383854 0.341667 0.377865 0.331481 0.373698 0.328241 0.36849 0.328241 0.366406 0.330093
0 0.646354 0.848611 0.646354 0.852315 0.648958 0.856944 0.652604 0.859722 0.656771 0.860648 0.667448 0.859259 0.677083 0.856019 0.678385 0.85463 0.678906 0.852315 0.677344 0.849074 0.675 0.847222 0.660417 0.840278 0.654167 0.840741 0.649479 0.843981
0 0.45 0.150463 0.448437 0.146296 0.445833 0.143519 0.441927 0.14213 0.4375 0.14213 0.433073 0.143519 0.424219 0.149537 0.422656 0.151389 0.422396 0.15463 0.424479 0.161111 0.428906 0.161574 0.436198 0.164352 0.441667 0.164352 0.446875 0.161111 0.449479 0.156481
0 0.238281 0.223148 0.236198 0.220833 0.232552 0.218981 0.230729 0.216204 0.226302 0.215278 0.224219 0.216667 0.21849 0.224537 0.217188 0.227315 0.216927 0.23287 0.219271 0.239815 0.223698 0.24213 0.226562 0.240278 0.229687 0.235648 0.234115 0.23287 0.235156 0.230556 0.234896 0.226852
0 0.320573 0.643981 0.321094 0.648148 0.322917 0.650926 0.319271 0.654167 0.323698 0.658333 0.329167 0.668519 0.336198 0.678241 0.341927 0.68287 0.345052 0.683333 0.347656 0.681944 0.349219 0.679167 0.349219 0.675 0.347656 0.668056 0.345313 0.662037 0.341927 0.656944 0.335417 0.652315 0.327083 0.649074 0.324479 0.64537
0 0.390365 0.521296 0.390625 0.528704 0.392708 0.533333 0.389844 0.5375 0.389323 0.539815 0.392708 0.541667 0.397396 0.551389 0.4 0.558796 0.404687 0.558333 0.407813 0.55 0.407813 0.544444 0.404948 0.52963 0.401823 0.527778 0.396875 0.528241 0.393229 0.525463
0 0.560677 0.330556 0.558854 0.355093 0.559115 0.360185 0.560677 0.366667 0.564063 0.366667 0.564844 0.362037 0.563802 0.350463 0.563802 0.341204 0.561979 0.331481
0 0.114062 0.584259 0.114583 0.588426 0.117969 0.593056 0.128125 0.595833 0.138281 0.59537 0.142708 0.593519 0.151042 0.594444 0.157812 0.587963 0.160938 0.582407 0.164062 0.58287 0.16849 0.5875 0.172135 0.588889 0.174479 0.585648 0.17526 0.581481 0.17474 0.574074 0.176042 0.567593 0.176042 0.5625 0.17526 0.558796 0.171875 0.557407 0.166406 0.562037 0.161198 0.563889 0.158073 0.559259 0.151042 0.555556 0.145313 0.554167 0.136719 0.555093 0.129688 0.560648 0.125521 0.56713 0.11901 0.574074 0.114844 0.581019
0 0.01875 0.309259 0.0179687 0.311574 0.0179687 0.314352 0.0192708 0.324074 0.0208333 0.330556 0.0210938 0.3375 0.0223958 0.34213 0.025 0.345833 0.0299479 0.346759 0.03125 0.343519 0.0317708 0.339352 0.0315104 0.331019 0.0299479 0.323148 0.0226562 0.311111
0 0.729167 0.681944 0.730729 0.685185 0.729427 0.692593 0.734896 0.694907 0.739844 0.703241 0.746354 0.711111 0.749219 0.713426 0.754167 0.714815 0.758073 0.712963 0.758594 0.709722 0.75599 0.699537 0.753125 0.692593 0.750781 0.689352 0.744792 0.686111 0.736458 0.684722 0.73099 0.681019
0 0.463802 0.472685 0.46276 0.481481 0.459896 0.491204 0.458594 0.501389 0.459896 0.505556 0.463281 0.505093 0.466406 0.494444 0.466406 0.477315 0.465365 0.474074
0 0.645312 0.387037 0.645312 0.390278 0.646354 0.393981 0.647917 0.397222 0.651563 0.400926 0.664062 0.406481 0.66849 0.405093 0.671354 0.40787 0.67526 0.408333 0.672917 0.404167 0.673958 0.401389 0.675521 0.4 0.676042 0.397222 0.673177 0.395833 0.660937 0.383796 0.657031 0.381944 0.652865 0.381481 0.648698 0.383333
0 0.345833 0.171759 0.341667 0.171296 0.336719 0.175 0.334896 0.178241 0.334115 0.181481 0.334115 0.185185 0.335156 0.189352 0.338021 0.19213 0.341146 0.191204 0.342969 0.189352 0.346615 0.182407 0.347656 0.178241 0.347656 0.175463
0 0.404687 0.5 0.401302 0.505093 0.401042 0.511574 0.404427 0.514815 0.408333 0.515741 0.410677 0.511574 0.411198 0.509259 0.410938 0.50463 0.410156 0.501852 0.408073 0.499537
