0 0.299479 0.156944 0.298177 0.160648 0.299479 0.185648 0.301302 0.188889 0.307031 0.190741 0.310677 0.195833 0.313021 0.19537 0.313542 0.194444 0.313542 0.189815 0.3125 0.180556 0.307812 0.163889 0.303646 0.157407
0 0.519531 0.0115741 0.529948 0.0203704 0.535417 0.0226852 0.539844 0.0226852 0.546094 0.0115741 0.546615 0.00833333 0.541927 0.00231481 0.541406 0 0.521875 0 0.519531 0.00787037
0 0.571875 0.126852 0.571094 0.125463 0.563802 0.132407 0.561198 0.133796 0.552865 0.13287 0.544141 0.136574 0.539583 0.143056 0.538542 0.147222 0.538281 0.15463 0.539583 0.156481 0.54375 0.156481 0.54974 0.160648 0.553906 0.159722 0.558594 0.155093 0.563542 0.153704 0.565625 0.150463 0.566667 0.147222 0.572917 0.143519 0.572917 0.140741 0.571354 0.137037
0 0.911458 0.248148 0.908333 0.240278 0.906771 0.239352 0.897656 0.226389 0.88724 0.220833 0.880469 0.222222 0.873437 0.222222 0.865365 0.225463 0.859375 0.225926 0.858854 0.227315 0.860677 0.228241 0.861979 0.230556 0.861979 0.23287 0.860677 0.239352 0.859115 0.24213 0.854427 0.243056 0.85 0.241204 0.845313 0.241204 0.847396 0.241667 0.848698 0.244444 0.853125 0.247222 0.854167 0.249074 0.854427 0.251852 0.851042 0.257407 0.845052 0.262037 0.84401 0.265278 0.845573 0.265741 0.847396 0.263426 0.854688 0.260185 0.859635 0.259722 0.861458 0.261111 0.863542 0.264815 0.86276 0.268056 0.860938 0.271296 0.859115 0.272222 0.886198 0.273611 0.893229 0.272685 0.897656 0.270833 0.901823 0.266667 0.907031 0.257407 0.911198 0.253241
0 0.0502604 0.177315 0.0466146 0.181019 0.0447917 0.185648 0.0502604 0.202778 0.0539063 0.204167 0.0565104 0.201852 0.0575521 0.199537 0.0583333 0.194907 0.0580729 0.1875 0.0572917 0.183333 0.0552083 0.178241 0.0536458 0.176852
0 0.615885 0.236574 0.610938 0.244907 0.610417 0.247222 0.610677 0.260185 0.610156 0.269444 0.61276 0.279167 0.616146 0.28287 0.617969 0.281019 0.619271 0.275926 0.621094 0.262963 0.621094 0.254167 0.619271 0.244444
0 0.571094 0.348611 0.566406 0.338889 0.564063 0.335185 0.56224 0.334259 0.560417 0.32963 0.553646 0.325926 0.548438 0.325926 0.539844 0.329167 0.53724 0.327778 0.533594 0.327778 0.535677 0.331944 0.538281 0.334722 0.536458 0.339352 0.532813 0.341204 0.526042 0.337037 0.523958 0.338426 0.527344 0.34213 0.530729 0.343981 0.531771 0.346759 0.531771 0.349074 0.525521 0.356019 0.529167 0.356481 0.532813 0.353704 0.536719 0.353704 0.538542 0.356019 0.538542 0.359259 0.535417 0.362963 0.535156 0.365741 0.536198 0.366667 0.547135 0.366204 0.556615 0.366991 0.56849 0.35463 0.571094 0.352315
0 0.380208 0.138426 0.379167 0.140278 0.378646 0.143981 0.380208 0.15463 0.382812 0.164352 0.386198 0.171759 0.39401 0.17963 0.394792 0.174537 0.394792 0.167593 0.391146 0.15 0.389583 0.147222 0.384896 0.142593 0.383594 0.139815
0 0.122917 0.303704 0.123177 0.312037 0.123958 0.317593 0.12526 0.320833 0.13099 0.322685 0.136719 0.328704 0.13776 0.327778 0.138281 0.324537 0.135937 0.310648 0.134375 0.306481 0.132552 0.30463 0.128385 0.303241
0 0.11901 0.37963 0.120052 0.381019 0.126302 0.381019 0.127604 0.381944 0.128385 0.384259 0.127344 0.386574 0.127344 0.390278 0.133073 0.39213 0.149219 0.393056 0.15625 0.391204 0.159375 0.3875 0.164844 0.383333 0.165885 0.380093 0.164583 0.376389 0.159375 0.370833 0.157031 0.3625 0.154427 0.359259 0.144271 0.355093 0.133333 0.356944 0.13099 0.359259 0.130469 0.362963 0.129167 0.365278 0.126562 0.367593 0.123958 0.366204 0.120833 0.366204 0.125 0.373148 0.121094 0.378241
0 0.239583 0.336574 0.240625 0.343519 0.24401 0.348148 0.246094 0.35463 0.248958 0.355556 0.250781 0.353241 0.251042 0.35 0.250521 0.346296 0.248177 0.337963 0.245052 0.336574
0 0.611198 0.0601852 0.610938 0.0638889 0.61276 0.0722222 0.616667 0.0777778 0.622396 0.0800926 0.634115 0.0796296 0.636458 0.0777778 0.636719 0.074537 0.633854 0.0648148 0.631771 0.0601852 0.626563 0.0537037 0.621615 0.0523148 0.616406 0.0532407 0.61276 0.0560185
0 0.490625 0.102315 0.489323 0.107407 0.489323 0.113426 0.490365 0.118981 0.49375 0.129167 0.494271 0.133796 0.496354 0.135185 0.501563 0.134722 0.505208 0.1375 0.506771 0.136574 0.507292 0.135185 0.506771 0.126852 0.503646 0.11713 0.497917 0.109259
