0 0.638802 0.67037 0.638021 0.672222 0.638021 0.676389 0.641667 0.685185 0.64401 0.697222 0.652604 0.718056 0.654427 0.721296 0.658333 0.725463 0.661198 0.726852 0.664844 0.725926 0.665885 0.72037 0.661458 0.699074 0.657552 0.69213 0.65 0.683796 0.640885 0.669444
0 0.900781 0.837963 0.89974 0.834259 0.895573 0.830093 0.890365 0.826852 0.883854 0.825463 0.871094 0.82963 0.866667 0.83287 0.86276 0.831944 0.861458 0.834259 0.864583 0.836574 0.865625 0.838426 0.863542 0.841667 0.8625 0.84537 0.870833 0.843056 0.873698 0.84537 0.876823 0.846296 0.892708 0.846759 0.898438 0.843981 0.9 0.841667
0 0 0.529167 0 0.537037 0.00182292 0.537037 0.00416667 0.539815 0.00911458 0.542593 0.0200521 0.545833 0.0234375 0.545833 0.0257812 0.544907 0.0265625 0.543519 0.0263021 0.540278 0.025 0.536111 0.0229167 0.532407 0.0200521 0.530556 0.0104167 0.527315
0 0.333854 0.590741 0.331771 0.59537 0.33151 0.598611 0.333854 0.601389 0.336719 0.608796 0.341667 0.614815 0.345313 0.615278 0.346354 0.614352 0.347135 0.6125 0.347135 0.608333 0.345313 0.601389 0.341927 0.59537 0.335156 0.590278
0 0.134896 0.574074 0.134896 0.577778 0.135937 0.581019 0.1375 0.582407 0.140625 0.588426 0.14375 0.591667 0.150521 0.596296 0.154427 0.596296 0.15625 0.593981 0.157031 0.591204 0.157031 0.587037 0.15625 0.583796 0.154427 0.57963 0.150521 0.575463 0.145052 0.573148 0.13776 0.571759 0.136198 0.572222
0 0.398177 0.75 0.398438 0.755093 0.399479 0.75787 0.401823 0.761111 0.403385 0.765278 0.409115 0.772222 0.415104 0.777315 0.41875 0.777778 0.421094 0.776852 0.422396 0.775 0.422917 0.773148 0.422396 0.765278 0.418229 0.758796 0.41276 0.75463 0.402604 0.750926 0.401042 0.749074
0 0.68125 0.762037 0.68099 0.765278 0.691667 0.786111 0.699479 0.794907 0.702344 0.796759 0.706771 0.796296 0.707552 0.79213 0.70625 0.786111 0.703385 0.779167 0.698958 0.772222 0.685417 0.762037 0.682292 0.760648
0 0.11276 0.637037 0.113542 0.640278 0.11849 0.643981 0.122135 0.649074 0.126823 0.652315 0.133594 0.654167 0.13724 0.650926 0.13776 0.647222 0.136979 0.641667 0.133594 0.636574 0.126562 0.633796 0.116927 0.633796
0 0.158854 0.863426 0.157031 0.8625 0.154427 0.864352 0.151042 0.861574 0.147396 0.862037 0.14401 0.868981 0.138802 0.876852 0.135937 0.885185 0.13151 0.893981 0.129427 0.900926 0.129167 0.90787 0.130208 0.908796 0.134115 0.908333 0.138021 0.905093 0.147396 0.889352 0.148958 0.88287 0.151562 0.878241 0.154167 0.876389 0.157812 0.871296 0.159115 0.866667
0 0.620573 0.755093 0.620573 0.758333 0.621875 0.762037 0.625 0.765741 0.628906 0.772685 0.635677 0.780556 0.638802 0.78287 0.64401 0.784722 0.647135 0.782407 0.647135 0.778704 0.646354 0.775926 0.640885 0.765278 0.63724 0.762037 0.627604 0.757407 0.623177 0.753241
0 0.873958 0.659259 0.872917 0.65463 0.869792 0.652778 0.864062 0.654167 0.857292 0.657407 0.853906 0.657407 0.848958 0.655556 0.848437 0.656481 0.848437 0.65787 0.850521 0.660648 0.851302 0.663889 0.851042 0.666204 0.85 0.668056 0.850521 0.669444 0.852865 0.669907 0.85651 0.668519 0.861458 0.671759 0.870052 0.671759 0.873177 0.67037 0.874219 0.668056
0 0.459896 0.671296 0.458333 0.675 0.458594 0.678241 0.463542 0.689352 0.467969 0.695833 0.470313 0.697685 0.473698 0.697685 0.475 0.695833 0.474219 0.684722 0.472396 0.678241 0.466927 0.673611
0 0.0973958 0.448611 0.0973958 0.453241 0.103125 0.458796 0.108073 0.466667 0.117708 0.477315 0.123177 0.47963 0.127083 0.47963 0.130469 0.477315 0.130729 0.473611 0.129948 0.469907 0.126562 0.462037 0.123177 0.458333 0.120052 0.456019 0.10625 0.451389 0.0992187 0.446759
0 0.948958 0.811111 0.947656 0.806944 0.942969 0.8 0.939063 0.797222 0.935417 0.797222 0.930729 0.8 0.928646 0.804167 0.926302 0.806019 0.91875 0.805556 0.917969 0.806481 0.923177 0.810648 0.922396 0.813889 0.922917 0.816204 0.928646 0.816667 0.936198 0.819444 0.941146 0.819444 0.946354 0.817593 0.948438 0.814352
0 0.504687 0.796759 0.502344 0.793056 0.494792 0.791204 0.484375 0.79537 0.480469 0.795833 0.479427 0.796759 0.479167 0.800463 0.481771 0.803241 0.49349 0.805556 0.498698 0.805556 0.503385 0.803704 0.504687 0.800463
0 0.631771 0.584722 0.632292 0.587963 0.633594 0.590278 0.636719 0.593056 0.641927 0.594907 0.648698 0.594907 0.653906 0.593981 0.664844 0.589815 0.666406 0.588426 0.668229 0.585185 0.668229 0.583796 0.666146 0.581481 0.659635 0.581019 0.648698 0.577778 0.640365 0.577315 0.633594 0.580556
0 0.832292 0.803704 0.83125 0.801389 0.826823 0.798611 0.821094 0.793056 0.817187 0.79213 0.8125 0.793056 0.80599 0.796296 0.79974 0.802778 0.794531 0.803704 0.791667 0.806944 0.796354 0.808796 0.797135 0.810648 0.796615 0.813889 0.804167 0.812963 0.8125 0.815278 0.822135 0.815278 0.826302 0.814352 0.829167 0.812037 0.831771 0.808333
0 0.408333 0.701852 0.408073 0.706481 0.417708 0.719907 0.426042 0.725463 0.429167 0.725926 0.432031 0.724074 0.432812 0.72037 0.432292 0.715741 0.430208 0.710185 0.427344 0.706481 0.419792 0.702778 0.415104 0.702315 0.411458 0.699537 0.409375 0.7
