0 0.234115 0.831481 0.231771 0.826389 0.227344 0.821296 0.221354 0.816667 0.21875 0.813426 0.215104 0.812037 0.20651 0.813426 0.195052 0.819444 0.185417 0.822222 0.183854 0.824537 0.185417 0.831019 0.189844 0.838426 0.1875 0.839815 0.17526 0.837037 0.171615 0.838426 0.171875 0.84213 0.17474 0.850463 0.173698 0.8625 0.175 0.864352 0.178646 0.862963 0.182031 0.859259 0.186198 0.856481 0.1875 0.858796 0.186719 0.866204 0.189062 0.869444 0.19349 0.869907 0.199219 0.868056 0.20625 0.860648 0.210156 0.858796 0.211979 0.862037 0.211198 0.865741 0.211458 0.869444 0.213542 0.870833 0.217448 0.865741 0.221094 0.856481 0.227083 0.850463 0.23151 0.843056 0.234115 0.835185
0 0.133594 0.402315 0.13099 0.405093 0.130208 0.410185 0.130208 0.419444 0.132812 0.431019 0.133594 0.440278 0.136979 0.455556 0.140885 0.461111 0.14401 0.463889 0.144271 0.44537 0.145833 0.437963 0.145833 0.435185 0.14401 0.426852 0.136719 0.408333
0 0.740365 0.837963 0.738021 0.827778 0.734375 0.822222 0.731771 0.820833 0.727344 0.822222 0.720052 0.830556 0.718229 0.833796 0.717708 0.838426 0.720052 0.841667 0.73099 0.84213 0.733073 0.843056 0.738281 0.843056 0.739844 0.840741
0 0.665104 0.723611 0.668229 0.728241 0.678125 0.734259 0.697656 0.739352 0.702865 0.741667 0.711198 0.743056 0.715365 0.744907 0.728646 0.746759 0.735677 0.746296 0.740104 0.744444 0.739844 0.741667 0.7375 0.739815 0.732812 0.738889 0.722656 0.733796 0.704688 0.72963 0.698438 0.726852 0.690885 0.725926 0.68099 0.722685 0.66849 0.721759
0 0.69974 0.637037 0.677344 0.637037 0.665104 0.639815 0.647135 0.647222 0.635156 0.654167 0.632812 0.657407 0.632812 0.659259 0.633594 0.661574 0.646094 0.660185 0.657031 0.657407 0.672135 0.651852 0.685677 0.649537 0.698177 0.640278
0 0.795312 0.692593 0.795833 0.695833 0.801042 0.698148 0.819271 0.702778 0.83099 0.704167 0.852344 0.704167 0.860677 0.705556 0.872917 0.705556 0.883854 0.704167 0.886198 0.702778 0.882812 0.699074 0.86224 0.694444 0.822396 0.691667 0.796354 0.691667
0 0.488802 0.681481 0.489583 0.684259 0.493229 0.6875 0.498177 0.6875 0.509375 0.689815 0.523958 0.696296 0.528385 0.695833 0.528646 0.693519 0.528385 0.69213 0.526563 0.690278 0.511458 0.681481 0.494531 0.678241 0.489583 0.678704
0 0.223438 0.570833 0.220052 0.569907 0.215625 0.572685 0.210156 0.578704 0.195833 0.589815 0.194271 0.591667 0.19349 0.594907 0.19401 0.598148 0.196094 0.603241 0.197135 0.602315 0.20026 0.594907 0.207292 0.590278 0.217708 0.581481 0.222917 0.574074
0 0.385937 0.911574 0.383594 0.913426 0.383594 0.925 0.384896 0.930093 0.38724 0.932407 0.390625 0.930556 0.391667 0.928704 0.392188 0.923611 0.389844 0.915278 0.388281 0.9125
0 0.299219 0.605556 0.30026 0.607407 0.303646 0.603704 0.305729 0.6 0.308594 0.598611 0.320052 0.598611 0.326823 0.596759 0.350521 0.596759 0.36875 0.602778 0.383594 0.602778 0.385677 0.601389 0.385677 0.598611 0.383594 0.596759 0.36276 0.5875 0.346615 0.584722 0.33724 0.584722 0.320833 0.5875 0.315104 0.590741 0.307292 0.59213 0.30026 0.589352 0.3 0.602778
0 0.120313 0.602315 0.117969 0.6 0.113542 0.598148 0.107552 0.598148 0.0955729 0.600463 0.0851563 0.60463 0.0783854 0.605556 0.0692708 0.611111 0.0539063 0.618519 0.053125 0.619444 0.0536458 0.622685 0.0664062 0.619907 0.0731771 0.616667 0.0932292 0.611574 0.1125 0.609259 0.119271 0.606019
0 0.80651 0.661574 0.806771 0.665278 0.811719 0.668056 0.830729 0.671759 0.883073 0.671759 0.90651 0.675 0.9125 0.674537 0.923177 0.671759 0.920312 0.668056 0.911979 0.666667 0.904948 0.662963 0.88724 0.661111 0.870573 0.657407 0.852344 0.656944 0.840625 0.65787 0.817448 0.6625
