0 0.99974 0.428241 0.994792 0.430093 0.992188 0.433333 0.985677 0.451389 0.977083 0.467593 0.975781 0.471759 0.966667 0.489815 0.959896 0.508796 0.957031 0.518981 0.955729 0.528241 0.955729 0.540278 0.95651 0.543519 0.958073 0.531944 0.963542 0.516204 0.98125 0.484722 0.988281 0.468056 0.996354 0.452778 0.997917 0.448148 0.99974 0.447685
0 0.99974 0.774074 0.99974 0.765741 0.989062 0.763889 0.964323 0.764815 0.938802 0.764352 0.932031 0.765741 0.932031 0.768519 0.934115 0.769907 0.951823 0.774074
0 0.775781 0.15787 0.775781 0.161574 0.778646 0.163889 0.799479 0.164352 0.813281 0.168981 0.826562 0.171759 0.839323 0.171759 0.848958 0.168056 0.858333 0.166667 0.883594 0.166667 0.978125 0.173611 0.99974 0.172222 0.99974 0.146296 0.991406 0.143519 0.948438 0.142593 0.942448 0.141204 0.939323 0.139352 0.922135 0.138889 0.914844 0.137037 0.891667 0.1375 0.872396 0.136574 0.85599 0.141204 0.841667 0.141667 0.836719 0.143056 0.828385 0.143519 0.804688 0.153704 0.781771 0.156019
0 0.429688 0.977778 0.428125 0.976852 0.42526 0.978241 0.420573 0.993981 0.420312 0.999537 0.428125 0.999537 0.428646 0.997222 0.433073 0.991204 0.433333 0.9875 0.432552 0.984259
0 0.863021 0.570833 0.861719 0.569444 0.853646 0.568981 0.842448 0.566667 0.833073 0.566667 0.821354 0.569444 0.813802 0.573148 0.80026 0.583333 0.795573 0.589815 0.791927 0.591667 0.792969 0.594907 0.803646 0.594907 0.809896 0.593056 0.813802 0.590278 0.823177 0.586574 0.845833 0.58287 0.860417 0.576852 0.8625 0.575
0 0.746615 0.716204 0.748177 0.719444 0.750781 0.72037 0.775781 0.723611 0.801042 0.723611 0.809896 0.725 0.83125 0.725 0.833594 0.723611 0.832812 0.72037 0.83151 0.719444 0.810937 0.713889 0.760677 0.711111 0.747917 0.713426
0 0.878906 0.716667 0.884115 0.719907 0.88776 0.72037 0.89974 0.725 0.933854 0.727778 0.95026 0.730556 0.969531 0.731019 0.988281 0.730093 0.991146 0.729167 0.992448 0.727315 0.991146 0.723148 0.980208 0.722685 0.96276 0.717593 0.95 0.716667 0.935417 0.713889 0.897135 0.713426 0.892188 0.714815 0.880729 0.714352
0 0.874219 0.639815 0.873177 0.6375 0.858073 0.636574 0.848958 0.634259 0.818229 0.637963 0.804688 0.641204 0.788281 0.647222 0.785417 0.649537 0.777865 0.652315 0.772656 0.656481 0.765885 0.659259 0.763281 0.661111 0.761719 0.664815 0.783333 0.663426 0.792448 0.659259 0.803646 0.656019 0.828646 0.650926 0.845573 0.649537 0.861979 0.644907 0.870833 0.644444 0.872917 0.643056
0 0.154427 0.199074 0.153646 0.205556 0.153646 0.214815 0.154427 0.225926 0.154167 0.231944 0.154688 0.234259 0.158333 0.234722 0.164062 0.231944 0.168229 0.231944 0.172135 0.234722 0.192448 0.258333 0.202344 0.268519 0.209115 0.274074 0.222917 0.289815 0.228646 0.293981 0.24375 0.30787 0.260417 0.326852 0.268229 0.338426 0.276562 0.344444 0.283854 0.347222 0.291667 0.352778 0.293229 0.355093 0.296354 0.356944 0.297396 0.356481 0.295052 0.351852 0.288281 0.343981 0.280729 0.328241 0.274219 0.31713 0.264844 0.308796 0.251823 0.291667 0.242708 0.282407 0.23776 0.275926 0.229427 0.268056 0.220573 0.25787 0.209896 0.248148 0.201302 0.243056 0.194531 0.2375 0.179948 0.22963 0.169531 0.221296 0.165625 0.216204 0.161719 0.203241 0.159635 0.199074 0.157812 0.196759
0 0.995052 0.741204 0.99349 0.7375 0.991927 0.736111 0.972135 0.737037 0.956771 0.740278 0.949219 0.743519 0.938802 0.746296 0.93776 0.748148 0.945052 0.751389 0.954688 0.752315 0.973698 0.751852 0.984115 0.75 0.990625 0.750463 0.994792 0.747685
0 0.76276 0.748148 0.770573 0.752315 0.784896 0.755556 0.795573 0.756481 0.803385 0.758796 0.826042 0.759722 0.828385 0.758796 0.829167 0.756944 0.829167 0.755093 0.827865 0.753704 0.810156 0.747222 0.79401 0.743981 0.775521 0.743519 0.766406 0.74537
