0 0.543229 0.65787 0.538281 0.656481 0.533333 0.657407 0.529948 0.659259 0.528125 0.661111 0.526823 0.664352 0.527083 0.668056 0.530729 0.669907 0.53724 0.668056 0.541406 0.664352 0.543229 0.661111
0 0.73125 0.685648 0.732031 0.688889 0.736198 0.692593 0.744531 0.693056 0.747396 0.69213 0.747135 0.688889 0.741146 0.683796 0.733854 0.68287
0 0.342448 0.459259 0.341927 0.457407 0.338281 0.45787 0.326302 0.462037 0.322656 0.465741 0.320833 0.468981 0.319531 0.473611 0.321354 0.476852 0.325521 0.477315 0.328385 0.476389 0.338802 0.46713 0.341667 0.462963
0 0.0364583 0.677315 0.0367188 0.681944 0.0408854 0.692593 0.0432292 0.69537 0.0484375 0.698148 0.0513021 0.698148 0.0541667 0.696296 0.0549479 0.693056 0.0546875 0.689815 0.0505208 0.682407 0.0463542 0.678704 0.040625 0.675463 0.0385417 0.675463
0 0.461719 0.59213 0.452604 0.591667 0.449219 0.592593 0.446354 0.594907 0.44401 0.599074 0.44375 0.602315 0.446094 0.605093 0.449479 0.605093 0.453125 0.603241 0.461719 0.59537
0 0.348698 0.511574 0.347656 0.512963 0.344792 0.513889 0.339062 0.523148 0.336979 0.529167 0.33776 0.53287 0.341667 0.53287 0.347135 0.519907
0 0.526302 0.699537 0.521875 0.699074 0.508594 0.70463 0.50599 0.708796 0.50599 0.713426 0.508594 0.715278 0.515365 0.713426 0.523177 0.706019 0.525521 0.702778
0 0.758854 0.750463 0.757552 0.748148 0.755208 0.747222 0.747917 0.747222 0.742708 0.751389 0.740885 0.755093 0.741146 0.758796 0.744271 0.761111 0.749479 0.760185 0.757292 0.75463 0.758854 0.751852
0 0.353906 0.546759 0.351823 0.545833 0.346094 0.547685 0.341927 0.553241 0.341927 0.555556 0.343229 0.556944 0.348698 0.556019 0.353906 0.55
0 0.664323 0.682407 0.667188 0.685185 0.671615 0.685648 0.678906 0.681944 0.68099 0.678241 0.679167 0.675926 0.677083 0.675 0.670312 0.674537 0.667708 0.675463 0.664844 0.678241
0 0.0640625 0.521296 0.0606771 0.52037 0.0554687 0.525926 0.0536458 0.529167 0.0523438 0.536574 0.0533854 0.538426 0.0572917 0.537963 0.0585938 0.536574 0.0619792 0.52963
0 0.392969 0.735185 0.39349 0.737963 0.394792 0.739352 0.397135 0.740278 0.401042 0.739352 0.411198 0.731944 0.41224 0.730556 0.41224 0.727778 0.407813 0.725926 0.4 0.725926 0.39401 0.730556
0 0.832552 0.911574 0.83099 0.910648 0.827865 0.912037 0.823177 0.921296 0.822135 0.926852 0.822656 0.92963 0.824479 0.933333 0.828646 0.934722 0.83099 0.932407 0.833073 0.928241 0.834896 0.921759 0.835156 0.91713 0.834375 0.914352
0 0.46276 0.543519 0.459896 0.54213 0.452865 0.54213 0.447656 0.543519 0.44349 0.546759 0.442188 0.55 0.442188 0.553241 0.446094 0.555556 0.454427 0.553704 0.4625 0.547222
0 0.950521 0.693056 0.951562 0.698148 0.963021 0.699074 0.967448 0.698148 0.971615 0.690741 0.965625 0.688426 0.957292 0.688426 0.950521 0.690741
0 0.0875 0.348611 0.0882813 0.352778 0.0903646 0.356481 0.0921875 0.362963 0.0953125 0.365741 0.0981771 0.363889 0.0979167 0.359259 0.0953125 0.351852 0.0921875 0.348611 0.0888021 0.347685
0 0.505208 0.539352 0.502344 0.537037 0.498177 0.536574 0.492969 0.538889 0.491406 0.540278 0.490365 0.543519 0.491146 0.546759 0.494792 0.548148 0.502865 0.544444 0.504427 0.543056
0 0.205208 0.627778 0.20651 0.630556 0.213542 0.631481 0.222396 0.626852 0.227083 0.623148 0.225521 0.619907 0.220312 0.618519 0.213021 0.618981 0.207292 0.622222 0.205208 0.625926
0 0.860417 0.62963 0.86276 0.633796 0.86875 0.635648 0.879948 0.633333 0.883594 0.631481 0.884375 0.630093 0.883594 0.627315 0.882552 0.626389 0.873177 0.623148 0.865625 0.623611 0.861458 0.626852
0 0.611719 0.65787 0.613281 0.659259 0.619531 0.660648 0.629687 0.656019 0.632031 0.653704 0.631771 0.650926 0.630469 0.65 0.619271 0.647222 0.616146 0.648148 0.61276 0.650926 0.611198 0.653704
0 0.235417 0.399074 0.233854 0.399074 0.227344 0.408333 0.225521 0.412037 0.223958 0.417593 0.224219 0.421759 0.227344 0.422685 0.23151 0.414815 0.235677 0.403704 0.236198 0.400463
0 0.973958 0.65463 0.973958 0.65787 0.977604 0.661111 0.982552 0.6625 0.991146 0.662037 0.99375 0.660648 0.995052 0.658333 0.993229 0.65463 0.9875 0.651852 0.982812 0.650926 0.977083 0.651389
0 0.783333 0.723611 0.784635 0.727315 0.786458 0.729167 0.789323 0.730093 0.800781 0.727315 0.803385 0.724074 0.800521 0.721296 0.79349 0.718981 0.786979 0.719907
0 0.495052 0.640741 0.496094 0.643981 0.498177 0.64537 0.503385 0.644907 0.511198 0.640741 0.513021 0.637037 0.509375 0.634722 0.501302 0.634259 0.496875 0.636111
0 0.676823 0.650926 0.682031 0.655556 0.685937 0.656019 0.692969 0.653241 0.695833 0.650463 0.694271 0.647685 0.689323 0.644907 0.682292 0.643981 0.678125 0.646759
0 0.664844 0.654167 0.666146 0.65787 0.667969 0.659259 0.675 0.660648 0.683333 0.65787 0.683854 0.654167 0.68099 0.652778 0.678906 0.65 0.672396 0.649074 0.667708 0.65 0.666406 0.650926
0 0.254167 0.671296 0.251823 0.668519 0.246615 0.669907 0.245052 0.671296 0.242969 0.675463 0.242969 0.680093 0.244531 0.682407 0.247656 0.681019 0.252865 0.675
0 0.542969 0.626852 0.546094 0.630093 0.554167 0.630093 0.564063 0.624537 0.564844 0.622222 0.564063 0.62037 0.5625 0.619444 0.551042 0.617593 0.546615 0.619444 0.543229 0.623148
0 0.0455729 0.445833 0.053125 0.449537 0.0572917 0.449537 0.0591146 0.446296 0.0572917 0.44213 0.0536458 0.439815 0.0502604 0.439815 0.0458333 0.442593
0 0.61276 0.585185 0.615104 0.588426 0.621875 0.589815 0.628385 0.587963 0.634635 0.584722 0.635677 0.581481 0.633854 0.579167 0.630729 0.577778 0.619792 0.576389 0.614583 0.57963 0.613281 0.581944
0 0.289844 0.571296 0.286198 0.573148 0.282031 0.57963 0.279427 0.585185 0.279427 0.592593 0.282813 0.591667 0.285156 0.587963 0.289844 0.575463
0 0.214062 0.484259 0.209896 0.484259 0.204948 0.487963 0.202083 0.491667 0.201042 0.494444 0.201302 0.497685 0.203125 0.5 0.207552 0.498148 0.213542 0.489815 0.214583 0.4875
0 0.329427 0.529167 0.328125 0.527778 0.324219 0.528704 0.319271 0.53287 0.316146 0.538889 0.315365 0.543981 0.316927 0.546296 0.321875 0.544444 0.328125 0.534722
0 0.461979 0.65463 0.459115 0.653241 0.454167 0.652778 0.45 0.653704 0.445573 0.65787 0.444531 0.661111 0.445312 0.663889 0.446615 0.665278 0.452865 0.665278 0.461198 0.65787
0 0.270313 0.536111 0.26901 0.533796 0.264583 0.534259 0.26224 0.535648 0.259375 0.539815 0.258594 0.543519 0.260677 0.545833 0.264062 0.544907 0.266146 0.543056
0 0.369792 0.615278 0.367448 0.6125 0.3625 0.612963 0.359375 0.616204 0.357552 0.622222 0.357812 0.625463 0.358854 0.626852 0.3625 0.625463 0.36875 0.619444
0 0.322396 0.648148 0.321094 0.646759 0.313542 0.647685 0.310677 0.65 0.308073 0.65463 0.308073 0.65787 0.309375 0.660648 0.310677 0.661574 0.314323 0.660648 0.321354 0.653241 0.322656 0.650926
0 0.227083 0.425 0.223958 0.427778 0.224219 0.441204 0.225521 0.449537 0.227344 0.452778 0.230208 0.451852 0.230729 0.450463 0.230729 0.44213 0.229687 0.431944
0 0.336458 0.662037 0.332552 0.660648 0.327865 0.662037 0.324219 0.666667 0.323698 0.671759 0.32474 0.674537 0.327604 0.675 0.331771 0.672222 0.335677 0.667593 0.336719 0.665278
0 0.179948 0.399074 0.179948 0.403704 0.182552 0.409259 0.186979 0.410648 0.188542 0.408796 0.188542 0.403704 0.18776 0.400926 0.185938 0.398611 0.18151 0.397222
0 0.258333 0.560648 0.258594 0.566667 0.26224 0.573611 0.26875 0.580093 0.270052 0.57963 0.271094 0.577778 0.269792 0.573148 0.264844 0.564352 0.261979 0.560648
0 0.882292 0.714352 0.883333 0.71713 0.886458 0.718981 0.892448 0.719444 0.90026 0.716667 0.902083 0.712963 0.901042 0.711111 0.898177 0.709722 0.88724 0.708333 0.883594 0.710648 0.882292 0.712963
0 0.835938 0.685648 0.83724 0.688426 0.841927 0.691204 0.848698 0.691204 0.855208 0.688889 0.860677 0.685185 0.859115 0.681944 0.845052 0.678241 0.838542 0.680556 0.836719 0.68287
