0 0.511979 0.725463 0.508594 0.726852 0.508594 0.75 0.509375 0.755093 0.507552 0.763889 0.505469 0.767593 0.504687 0.767593 0.501563 0.763426 0.497917 0.763426 0.49375 0.768056 0.491146 0.772685 0.485938 0.785648 0.480469 0.795833 0.478385 0.802315 0.470313 0.821296 0.461979 0.856019 0.4625 0.862037 0.46224 0.881019 0.463542 0.886111 0.467187 0.886111 0.470313 0.883796 0.474219 0.87963 0.482031 0.86713 0.484375 0.864815 0.48724 0.866204 0.495052 0.866667 0.496354 0.865741 0.497656 0.862963 0.496875 0.859259 0.492448 0.852315 0.491927 0.848611 0.492708 0.84537 0.50026 0.826852 0.505729 0.822222 0.508594 0.817593 0.509635 0.810648 0.509635 0.796296 0.510417 0.79213 0.513021 0.788426 0.51875 0.786111 0.51901 0.782407 0.514062 0.773148 0.51224 0.767593
0 0.310156 0.806481 0.310677 0.810648 0.322396 0.834722 0.324479 0.849074 0.326562 0.850463 0.327865 0.852778 0.328385 0.843056 0.330729 0.840278 0.331771 0.840278 0.334896 0.843981 0.338542 0.846296 0.345833 0.847222 0.351823 0.844444 0.359115 0.838889 0.361719 0.843056 0.36276 0.848148 0.366146 0.853241 0.373698 0.824537 0.375521 0.821296 0.379167 0.817593 0.374479 0.816667 0.366146 0.818981 0.364844 0.816667 0.36276 0.807407 0.355729 0.793981 0.345573 0.78287 0.338281 0.779167 0.331771 0.780093 0.321094 0.788426 0.314063 0.797685
0 0.119531 0.714815 0.115885 0.712963 0.1125 0.724074 0.111458 0.72963 0.109896 0.731944 0.104948 0.72963 0.101823 0.72963 0.0953125 0.734722 0.0901042 0.735648 0.0885417 0.7375 0.0888021 0.740741 0.0921875 0.747222 0.0963542 0.752315 0.102865 0.765278 0.109635 0.768981 0.113542 0.769444 0.116406 0.768519 0.119792 0.765278 0.120833 0.748148 0.123177 0.740741 0.122917 0.726852
0 0.0320312 0.633796 0.0309896 0.636574 0.0328125 0.646296 0.0364583 0.651389 0.0401042 0.653241 0.0442708 0.653704 0.0489583 0.650463 0.0507812 0.647222 0.0513021 0.643519 0.0505208 0.634259 0.0481771 0.629167 0.0440104 0.625926 0.0398437 0.626389
0 0.21849 0.921759 0.216146 0.920833 0.210156 0.925 0.20651 0.925926 0.207813 0.910648 0.20651 0.906944 0.203385 0.908333 0.19375 0.916667 0.192188 0.91713 0.185938 0.923611 0.178646 0.936111 0.176302 0.943519 0.17474 0.946296 0.174479 0.949537 0.178385 0.956944 0.182031 0.960648 0.185417 0.962037 0.192708 0.9625 0.2 0.961111 0.203906 0.959259 0.206771 0.956481 0.207292 0.949537 0.208594 0.947222 0.209896 0.946759 0.213802 0.949537 0.217448 0.949074 0.217708 0.945833 0.215104 0.941204 0.214583 0.937963 0.215625 0.93287 0.21849 0.925463
0 0.131771 0.598148 0.132031 0.602778 0.133594 0.609259 0.138542 0.622685 0.140625 0.626389 0.14375 0.62963 0.150521 0.633796 0.164844 0.640278 0.176302 0.642593 0.18125 0.640741 0.185938 0.636574 0.189323 0.636111 0.203125 0.648148 0.204948 0.647222 0.203906 0.643981 0.2 0.637037 0.196615 0.633333 0.197396 0.631481 0.201302 0.630093 0.20625 0.631019 0.213542 0.631019 0.214323 0.630093 0.213281 0.626852 0.210156 0.625 0.194531 0.621759 0.190885 0.619907 0.190365 0.615741 0.191146 0.6125 0.194271 0.609259 0.192969 0.605556 0.183333 0.597222 0.176302 0.588426 0.167708 0.58287 0.157031 0.581019 0.14401 0.585185 0.133073 0.59537
0 0.705729 0.12963 0.708594 0.133796 0.711458 0.135185 0.717187 0.140741 0.730729 0.150463 0.742708 0.156019 0.753646 0.1625 0.758333 0.166667 0.786458 0.185648 0.80651 0.195833 0.826302 0.201389 0.829427 0.203241 0.83151 0.206481 0.834375 0.208796 0.836198 0.206944 0.835677 0.201389 0.833073 0.198148 0.81875 0.190741 0.759115 0.150926 0.747396 0.145833 0.739844 0.139815 0.733594 0.136574 0.72474 0.133796 0.715625 0.133333 0.709635 0.12963
0 0.0552083 0.695833 0.0557292 0.699537 0.0575521 0.703241 0.0716146 0.723611 0.0778646 0.727778 0.0851563 0.728704 0.0888021 0.734722 0.0908854 0.736111 0.0958333 0.735648 0.101823 0.731019 0.105208 0.731481 0.108854 0.734259 0.1125 0.734259 0.113802 0.731019 0.113802 0.724074 0.114323 0.722222 0.11875 0.713889 0.118229 0.710648 0.117188 0.709722 0.109115 0.709722 0.107292 0.70787 0.104948 0.702778 0.102344 0.693056 0.0989583 0.685648 0.09375 0.677778 0.0888021 0.674537 0.0848958 0.675463 0.0786458 0.680556 0.0695313 0.681944 0.0640625 0.684259 0.0580729 0.689352
0 0.0778646 0.461574 0.0765625 0.466667 0.0765625 0.48287 0.0770833 0.49213 0.078125 0.497685 0.0809896 0.501389 0.0872396 0.503704 0.0916667 0.508796 0.0947917 0.510648 0.096875 0.510185 0.0981771 0.508333 0.0981771 0.498148 0.101562 0.49537 0.103385 0.497222 0.10599 0.507407 0.109115 0.508333 0.109115 0.502315 0.10625 0.490278 0.106771 0.483796 0.110677 0.479167 0.116406 0.474537 0.119531 0.470833 0.121615 0.466667 0.120313 0.463889 0.11901 0.463426 0.115885 0.465278 0.113021 0.468519 0.109896 0.468981 0.109115 0.470833 0.108854 0.469444 0.109635 0.468056 0.110937 0.459722 0.114323 0.452778 0.107813 0.448611 0.0992187 0.440741 0.0953125 0.441204 0.0882813 0.447222 0.0802083 0.459259
0 0.0609375 0.268981 0.0572917 0.269907 0.0536458 0.276852 0.05 0.279167 0.0479167 0.282407 0.0432292 0.293981 0.0361979 0.305093 0.0346354 0.311111 0.0315104 0.312037 0.0252604 0.310648 0.0255208 0.313889 0.0304687 0.316204 0.0354167 0.320833 0.0364583 0.334722 0.0398437 0.340278 0.0434896 0.341204 0.0479167 0.337963 0.0549479 0.328241 0.0570312 0.324074 0.0588542 0.312963 0.0614583 0.309259 0.0648438 0.306944 0.0648438 0.303704 0.0627604 0.297685 0.0635417 0.291204 0.0627604 0.272222
