0 0.645833 0.848611 0.646094 0.851852 0.650521 0.859259 0.652865 0.861574 0.656771 0.863889 0.658594 0.863889 0.660156 0.8625 0.659115 0.856019 0.654687 0.85 0.651042 0.847222 0.647396 0.847222
0 0.639062 0.831019 0.640365 0.837037 0.645312 0.845833 0.646875 0.847222 0.651042 0.846296 0.651302 0.84213 0.649479 0.837963 0.640365 0.829167
0 0.445312 0.861111 0.444531 0.8625 0.444531 0.86713 0.445833 0.872222 0.449219 0.875 0.451562 0.873611 0.452344 0.868519 0.451042 0.862963 0.449479 0.860648
0 0.871354 0.838426 0.871354 0.841667 0.872917 0.84537 0.879687 0.851852 0.883594 0.852315 0.884896 0.849537 0.885156 0.84537 0.884375 0.841667 0.883073 0.839815 0.873698 0.837037
0 0.818229 0.815278 0.818229 0.817593 0.827865 0.825463 0.83151 0.825926 0.834375 0.824074 0.833594 0.819907 0.83151 0.816667 0.828906 0.814815 0.819792 0.813889
0 0.652865 0.823611 0.654427 0.827315 0.663802 0.834722 0.667969 0.834259 0.66901 0.831481 0.66849 0.828241 0.664844 0.823611 0.659635 0.822222 0.653906 0.822222
0 0.883073 0.827315 0.886458 0.831944 0.892448 0.834722 0.897396 0.834259 0.898177 0.831481 0.897396 0.826852 0.896094 0.824537 0.894271 0.823611 0.884115 0.824537
0 0.314583 0.934722 0.309349 0.933565 0.304245 0.935787 0.304427 0.940278 0.304427 0.947685 0.30625 0.949537 0.311458 0.949537 0.314063 0.948148 0.315625 0.941667
0 0.517188 0.831481 0.517188 0.834722 0.522396 0.843981 0.52526 0.845833 0.527344 0.844907 0.527604 0.841667 0.526823 0.839352 0.522396 0.832407 0.519792 0.830556
0 0.792969 0.820833 0.795312 0.827778 0.79974 0.834722 0.803646 0.836574 0.80599 0.834722 0.805729 0.828241 0.803385 0.824537 0.796875 0.819907 0.79349 0.819907
0 0.523177 0.803704 0.523958 0.806944 0.528906 0.810185 0.532813 0.810185 0.534375 0.807407 0.534375 0.803241 0.532813 0.800463 0.53151 0.8 0.525521 0.800463
0 0.820052 0.838426 0.822396 0.841667 0.83099 0.844907 0.835417 0.844444 0.838021 0.841667 0.83776 0.838889 0.836458 0.836111 0.832552 0.833796 0.82474 0.834722
0 0.678906 0.841667 0.677865 0.843519 0.676823 0.850926 0.67526 0.856019 0.67526 0.863889 0.678646 0.863426 0.680469 0.856481 0.680729 0.847685 0.679948 0.843519
