0 0.73099 0.661574 0.728385 0.663889 0.726302 0.674537 0.726823 0.682407 0.727604 0.684259 0.728646 0.684722 0.731771 0.683796 0.733333 0.678704 0.733594 0.664352
0 0.636979 0.45463 0.635677 0.456481 0.634635 0.462037 0.634896 0.485648 0.635938 0.490741 0.636979 0.492593 0.640365 0.493056 0.641667 0.491204 0.642448 0.4875 0.641406 0.469444 0.640625 0.462963 0.6375 0.45787
0 0.236458 0.230556 0.235677 0.233333 0.235677 0.239352 0.23776 0.246759 0.244792 0.254167 0.248177 0.255556 0.248177 0.243519 0.246615 0.2375 0.241406 0.229167 0.2375 0.229167
0 0.296615 0.126389 0.293229 0.127778 0.290625 0.138426 0.290104 0.145833 0.290885 0.167593 0.289844 0.17037 0.289844 0.172685 0.293229 0.171759 0.29349 0.162963 0.298438 0.143981 0.299219 0.133796 0.298698 0.12963
0 0.0794271 0.463426 0.078125 0.466667 0.078125 0.471296 0.08125 0.479167 0.084375 0.483333 0.0919271 0.489352 0.0953125 0.4875 0.0953125 0.483796 0.0921875 0.479167 0.0903646 0.472685 0.0851563 0.4625 0.0820312 0.461574
0 0.42526 0.581481 0.422656 0.583796 0.421354 0.588426 0.420833 0.59537 0.421875 0.600463 0.42526 0.600926 0.426042 0.598611 0.427083 0.587037 0.426563 0.583796
0 0.0197917 0.40463 0.0190104 0.407407 0.0190104 0.412037 0.0205729 0.418056 0.0226562 0.421759 0.0291667 0.425463 0.0333333 0.425926 0.0356771 0.424537 0.0361979 0.417593 0.0328125 0.404167 0.0296875 0.401389 0.0244792 0.400926 0.0221354 0.401852
0 0.515885 0.453704 0.511979 0.45463 0.510677 0.45787 0.510156 0.474537 0.513281 0.487037 0.513021 0.496296 0.51224 0.498148 0.515365 0.498148 0.51875 0.474537 0.517708 0.45787 0.517188 0.455093
0 0.198437 0.372685 0.198437 0.377778 0.20026 0.383333 0.203385 0.386574 0.209896 0.388889 0.217969 0.388426 0.220052 0.389815 0.223438 0.389815 0.225 0.3875 0.227344 0.386574 0.232292 0.390741 0.234375 0.39537 0.2375 0.397685 0.238281 0.397222 0.23776 0.393981 0.231771 0.383333 0.233333 0.381944 0.238542 0.381481 0.240885 0.380093 0.233073 0.377315 0.228646 0.369907 0.220312 0.3625 0.213542 0.358796 0.209896 0.360185 0.2 0.369444
0 0.654687 0.279167 0.651042 0.275 0.647396 0.275463 0.644271 0.279167 0.640625 0.287037 0.63776 0.296759 0.63776 0.303241 0.640625 0.30463 0.64401 0.301852 0.648177 0.301389 0.654167 0.29537 0.656771 0.289815 0.656771 0.285648
0 0.602083 0.671759 0.602083 0.678704 0.603125 0.681944 0.60599 0.683333 0.610156 0.688889 0.615885 0.693519 0.619271 0.694907 0.624219 0.694907 0.627865 0.692593 0.629167 0.688889 0.628646 0.685185 0.62526 0.678704 0.620833 0.673148 0.616927 0.671759 0.603646 0.672685
0 0.0966146 0.226852 0.0927083 0.221296 0.0903646 0.219444 0.0815104 0.217593 0.0768229 0.218056 0.0736979 0.219444 0.0710937 0.222222 0.0677083 0.227315 0.0666667 0.231019 0.0671875 0.234259 0.0697917 0.237963 0.0731771 0.239352 0.078125 0.239352 0.0859375 0.235185 0.0914062 0.22963 0.0955729 0.22963
0 0.442708 0.130556 0.441406 0.134722 0.441406 0.147222 0.446094 0.165278 0.448177 0.164352 0.448698 0.162037 0.447135 0.150926 0.446875 0.133333 0.446094 0.131019
0 0.353646 0.824537 0.353646 0.82963 0.355469 0.834722 0.364583 0.842593 0.370573 0.845833 0.380208 0.846759 0.383333 0.85 0.385156 0.850463 0.389583 0.85 0.39349 0.846759 0.397656 0.846296 0.400781 0.853704 0.404427 0.853704 0.405729 0.851389 0.408073 0.842593 0.410156 0.838426 0.410938 0.834259 0.410938 0.830556 0.410156 0.828241 0.400781 0.828704 0.398438 0.823148 0.390365 0.813889 0.385677 0.810648 0.380208 0.808796 0.37526 0.809259 0.368229 0.813889 0.359115 0.817593 0.355729 0.82037
0 0.13151 0.181944 0.129948 0.178241 0.127344 0.176852 0.120833 0.177778 0.116667 0.180093 0.11276 0.184722 0.110677 0.189352 0.109375 0.19537 0.109635 0.198611 0.110417 0.200463 0.11276 0.202315 0.117708 0.202315 0.122396 0.2 0.128646 0.191667 0.13125 0.185185
0 0.397396 0.025463 0.39401 0.0259259 0.391927 0.0356481 0.391927 0.0532407 0.391146 0.0569444 0.391927 0.0578704 0.39401 0.0578704 0.39401 0.0555556 0.397656 0.0444444 0.398698 0.0324074
0 0.286198 0.541204 0.285677 0.544907 0.285677 0.557407 0.283854 0.561111 0.279427 0.566667 0.278125 0.570833 0.279948 0.575 0.285677 0.577778 0.288542 0.577778 0.290625 0.57963 0.291146 0.581481 0.288802 0.584722 0.288021 0.588426 0.289844 0.59537 0.29349 0.602778 0.298958 0.609259 0.308333 0.616204 0.309896 0.618519 0.310937 0.622685 0.313802 0.626852 0.327604 0.637037 0.332552 0.638889 0.336979 0.638889 0.345313 0.637037 0.347656 0.635185 0.348438 0.631481 0.348438 0.623611 0.347396 0.609722 0.34401 0.596759 0.342969 0.588426 0.341667 0.583333 0.336198 0.572685 0.332031 0.567593 0.317969 0.555556 0.307292 0.544907 0.303906 0.544907 0.302865 0.546759 0.302083 0.556481 0.30026 0.560185 0.289844 0.543056
