0 0.0981771 0.696296 0.0986979 0.703241 0.100781 0.706944 0.104688 0.710185 0.108073 0.711111 0.116406 0.709722 0.120573 0.706481 0.123177 0.702778 0.123698 0.7 0.123177 0.697222 0.115365 0.696296 0.109896 0.686111 0.108594 0.685185 0.104948 0.685185 0.101823 0.687037 0.0986979 0.692593
0 0.194792 0.556944 0.195833 0.560648 0.199219 0.564352 0.216406 0.575 0.222656 0.577778 0.248958 0.585648 0.255729 0.586111 0.257552 0.584722 0.255729 0.581481 0.246354 0.574074 0.2375 0.569907 0.230729 0.568981 0.220573 0.563426 0.203385 0.556019 0.198437 0.555093 0.195833 0.555556
0 0.235417 0.546759 0.236458 0.55 0.238802 0.553704 0.245052 0.559259 0.257292 0.566204 0.279427 0.581481 0.286198 0.584259 0.286979 0.58287 0.286979 0.581019 0.282813 0.576852 0.265625 0.562963 0.254948 0.556481 0.245052 0.546759 0.236719 0.545833
0 0.608333 0.686574 0.60651 0.688426 0.603385 0.702778 0.603385 0.72963 0.605469 0.74213 0.609635 0.755093 0.611719 0.75787 0.613542 0.75787 0.615885 0.755093 0.617188 0.747222 0.617969 0.735648 0.617708 0.723148 0.616146 0.706944 0.61276 0.693981 0.609115 0.686574
0 0.242448 0.0986111 0.243229 0.102315 0.252604 0.110185 0.26901 0.12963 0.288542 0.144444 0.301563 0.156019 0.332813 0.190278 0.345573 0.208333 0.357031 0.21713 0.364323 0.224537 0.36901 0.231944 0.369792 0.237963 0.372135 0.241204 0.373177 0.245833 0.372917 0.225463 0.365365 0.215741 0.358854 0.203704 0.354427 0.197685 0.347396 0.185648 0.336198 0.171296 0.326302 0.160648 0.321354 0.153241 0.315625 0.147222 0.3125 0.145833 0.296615 0.131944 0.29349 0.126389 0.281771 0.118519 0.279167 0.115741 0.273958 0.1125 0.263802 0.108333 0.248177 0.0981481 0.24401 0.0972222
0 0.499219 0.484259 0.503125 0.4875 0.507031 0.488426 0.518229 0.494444 0.533333 0.496296 0.565885 0.50463 0.588802 0.506019 0.591667 0.505093 0.591927 0.501389 0.589583 0.499074 0.585938 0.5 0.580729 0.499537 0.570312 0.494907 0.547135 0.487037 0.535937 0.486111 0.526823 0.483796 0.501302 0.48287
0 0.395052 0.914352 0.396354 0.91713 0.399219 0.919444 0.402083 0.924537 0.40599 0.952778 0.40625 0.961111 0.405469 0.966667 0.40599 0.971296 0.407552 0.974074 0.411458 0.974537 0.415625 0.969907 0.416406 0.96713 0.418229 0.963889 0.419531 0.966204 0.419531 0.97037 0.41849 0.973148 0.41849 0.976852 0.423177 0.983333 0.427865 0.994444 0.430469 0.997222 0.43099 0.999537 0.45599 0.999537 0.45625 0.997685 0.458073 0.996759 0.460417 0.992593 0.46849 0.970833 0.470313 0.968981 0.472917 0.97037 0.478385 0.97037 0.476302 0.96713 0.473958 0.965741 0.471615 0.960185 0.467187 0.932407 0.466927 0.913889 0.46224 0.906481 0.45651 0.891204 0.453646 0.886111 0.44974 0.882407 0.442188 0.880556 0.436979 0.881944 0.431771 0.885185 0.423698 0.893519 0.41849 0.901389 0.411198 0.915741 0.402083 0.910648 0.397396 0.911574
0 0.786719 0.873148 0.7875 0.875926 0.789844 0.87963 0.795833 0.884722 0.801823 0.884259 0.804167 0.880093 0.803646 0.876389 0.801823 0.873148 0.796615 0.868519 0.79375 0.867593 0.789844 0.868519 0.788281 0.869907
0 0.0622396 0.486574 0.0627604 0.488426 0.0697917 0.494907 0.0822917 0.501389 0.0992187 0.506944 0.13776 0.525463 0.147135 0.528704 0.148958 0.528704 0.15 0.527315 0.14974 0.525463 0.138021 0.515278 0.134375 0.513426 0.125521 0.505093 0.119271 0.501389 0.0927083 0.491204 0.0796875 0.489352 0.0643229 0.484722
0 0.366406 0.735185 0.366146 0.737963 0.367708 0.740278 0.369271 0.745833 0.369792 0.751852 0.36901 0.756481 0.365104 0.762037 0.365365 0.763426 0.366667 0.765278 0.370833 0.767593 0.373437 0.772222 0.378906 0.775926 0.375521 0.781944 0.376563 0.787037 0.383594 0.801389 0.390625 0.811111 0.394531 0.814352 0.398438 0.815278 0.407292 0.814352 0.414844 0.805093 0.418229 0.803241 0.420312 0.8 0.420052 0.774537 0.420833 0.765278 0.417708 0.758333 0.414844 0.745833 0.411458 0.738889 0.407292 0.735185 0.40026 0.733796 0.382031 0.740741 0.376563 0.746296 0.369792 0.735185
0 0.753125 0.681944 0.754687 0.685648 0.763281 0.692593 0.803646 0.710185 0.811458 0.711111 0.813542 0.709722 0.810937 0.705556 0.804948 0.702315 0.79349 0.693056 0.786458 0.688889 0.778646 0.685648 0.765885 0.683796 0.755729 0.680556
0 0.755469 0.918056 0.755469 0.921759 0.75651 0.925 0.760677 0.932407 0.763281 0.933796 0.76901 0.933796 0.770052 0.932407 0.770312 0.928704 0.76901 0.922685 0.766667 0.918981 0.7625 0.916667 0.757552 0.916667
0 0.454688 0.780093 0.452344 0.77963 0.450781 0.781019 0.446875 0.790741 0.446615 0.793519 0.449479 0.801852 0.453125 0.801852 0.458073 0.793056 0.458073 0.786111 0.456771 0.782407
0 0.543229 0.791667 0.543229 0.793981 0.544792 0.796296 0.546354 0.802315 0.547135 0.810648 0.546615 0.815741 0.54375 0.821296 0.54349 0.824537 0.546094 0.826852 0.550521 0.826389 0.551823 0.828704 0.554167 0.837963 0.557031 0.845833 0.560417 0.850926 0.563542 0.852778 0.567708 0.852778 0.56875 0.851852 0.572656 0.844907 0.574479 0.839352 0.575521 0.832407 0.574479 0.818981 0.574479 0.807407 0.570052 0.799074 0.565625 0.787037 0.564063 0.784259 0.56224 0.78287 0.559115 0.782407 0.556771 0.783333 0.553646 0.787963 0.55026 0.795833 0.547917 0.793056
