0 0.59974 0.328241 0.598958 0.323611 0.596875 0.319444 0.592187 0.315741 0.588802 0.316667 0.584635 0.32037 0.579948 0.322222 0.578906 0.323611 0.579427 0.327315 0.578906 0.331481 0.580469 0.335185 0.588542 0.339352 0.591927 0.339815 0.596354 0.337037 0.598958 0.333333
0 0.179427 0.0152778 0.178646 0.0115741 0.175 0.00509259 0.171875 0.00277778 0.166667 0.00277778 0.157812 0.00787037 0.151042 0.0143519 0.144271 0.0189815 0.14401 0.0222222 0.147135 0.0300926 0.158073 0.0300926 0.164583 0.0319444 0.16901 0.0314815 0.172917 0.0296296 0.176302 0.0263889 0.178906 0.0217593
0 0.709635 0.591204 0.709896 0.592593 0.710938 0.592593 0.711719 0.593981 0.711719 0.59537 0.715625 0.602315 0.713802 0.603704 0.710677 0.601852 0.707812 0.602315 0.709375 0.605556 0.714323 0.607407 0.719531 0.611111 0.720313 0.6125 0.719271 0.616204 0.719792 0.619444 0.729167 0.623611 0.734115 0.628704 0.736979 0.630093 0.74375 0.630093 0.746094 0.628704 0.747396 0.626389 0.747396 0.622685 0.746615 0.619444 0.739844 0.601852 0.735156 0.599074 0.726823 0.598148 0.723698 0.593981 0.722656 0.59537 0.721615 0.601389 0.720052 0.602778 0.71849 0.600926 0.717187 0.597222 0.71276 0.592593
0 0.564583 0.569907 0.564323 0.581019 0.567187 0.59213 0.56875 0.59537 0.570833 0.596759 0.573438 0.59537 0.575521 0.591667 0.575781 0.584259 0.574479 0.576389 0.571094 0.571296 0.567708 0.569444
0 0.0416667 0.477315 0.0411458 0.480556 0.0416667 0.484259 0.04375 0.488426 0.0570312 0.502778 0.0606771 0.502778 0.0609375 0.497222 0.059375 0.490741 0.0572917 0.484722 0.053125 0.477315 0.0502604 0.474537 0.0484375 0.474074 0.0432292 0.475
0 0.0283854 0.14213 0.0278646 0.149537 0.0309896 0.156481 0.0390625 0.165741 0.0419271 0.16713 0.0453125 0.16713 0.0463542 0.163426 0.0460938 0.156019 0.0450521 0.152778 0.0395833 0.143056 0.0372396 0.140741 0.034375 0.139815 0.0291667 0.140741
0 0.0328125 0.0865741 0.0322917 0.0944444 0.0369792 0.104167 0.0484375 0.1125 0.0528646 0.112037 0.0536458 0.108796 0.0528646 0.104167 0.05 0.0967593 0.0453125 0.0893519 0.0411458 0.0861111 0.0356771 0.0856481
0 0.165365 0.276852 0.161979 0.27963 0.161198 0.289352 0.161979 0.292593 0.164583 0.294907 0.166667 0.29537 0.171354 0.29213 0.173177 0.2875 0.171615 0.280556 0.169531 0.278241
0 0.05625 0.301389 0.0567708 0.309722 0.0604167 0.313889 0.0645833 0.315741 0.06875 0.316204 0.0802083 0.314352 0.0828125 0.309259 0.0822917 0.30787 0.0778646 0.30463 0.0763021 0.302315 0.0684896 0.299537 0.0648438 0.294907 0.0604167 0.295833
0 0.0385417 0.168056 0.0380208 0.171296 0.0382813 0.192593 0.0367188 0.195833 0.0294271 0.203704 0.0278646 0.206481 0.0278646 0.208333 0.0291667 0.211111 0.0322917 0.213426 0.0497396 0.219907 0.0492187 0.223611 0.0463542 0.226852 0.0447917 0.230556 0.0445313 0.235185 0.0466146 0.241204 0.0528646 0.251389 0.0609375 0.258796 0.0677083 0.2625 0.0768229 0.264352 0.0825521 0.268056 0.0846354 0.272222 0.0794271 0.279167 0.0817708 0.283333 0.0880208 0.287037 0.105208 0.286574 0.109635 0.288426 0.120313 0.288426 0.134375 0.28287 0.136198 0.279167 0.136458 0.274074 0.135156 0.263426 0.13125 0.247222 0.127344 0.236574 0.123958 0.22963 0.120313 0.215278 0.113021 0.205093 0.10625 0.199074 0.0960938 0.19213 0.0869792 0.187963 0.0713542 0.176852 0.0653646 0.174074 0.0604167 0.174074 0.0585938 0.175463 0.0580729 0.180093 0.0588542 0.186574 0.0583333 0.189352 0.0570312 0.191204 0.0546875 0.186111 0.0533854 0.185185 0.0497396 0.177778 0.0434896 0.168056 0.0401042 0.166667
0 0.379167 0.803704 0.379167 0.809722 0.379688 0.811574 0.383854 0.817593 0.390885 0.824537 0.396615 0.828241 0.404687 0.82963 0.411458 0.834722 0.422917 0.82963 0.425 0.831019 0.429167 0.840741 0.432292 0.841204 0.434115 0.837963 0.435156 0.834259 0.435677 0.828241 0.43776 0.824537 0.438281 0.820833 0.438281 0.813426 0.436979 0.810648 0.435417 0.810185 0.432292 0.812037 0.428646 0.8125 0.41875 0.796759 0.414323 0.792593 0.407031 0.788889 0.400781 0.788889 0.39401 0.792593 0.386719 0.794907 0.38151 0.798611
0 0.39375 0.0902778 0.392188 0.0944444 0.392448 0.105556 0.39349 0.1125 0.396875 0.12037 0.397656 0.124074 0.400781 0.126852 0.402344 0.123148 0.402604 0.118056 0.401042 0.108796 0.40026 0.0990741 0.397135 0.0907407
0 0.165885 0.184259 0.165625 0.188426 0.168229 0.19537 0.17526 0.203241 0.180729 0.206481 0.189844 0.208333 0.196875 0.212037 0.202865 0.2125 0.204427 0.210185 0.203125 0.205093 0.203125 0.202315 0.203906 0.2 0.203646 0.196296 0.200521 0.188889 0.195833 0.181944 0.185156 0.171759 0.182552 0.17037 0.178125 0.17037 0.167708 0.180093
0 0.282813 0.546759 0.283073 0.55 0.286198 0.556019 0.289583 0.556944 0.292969 0.555556 0.299479 0.55 0.299219 0.546759 0.296875 0.543056 0.292969 0.538889 0.290365 0.537963 0.286198 0.539815 0.283594 0.543519
0 0.501302 0.402778 0.498958 0.406481 0.494531 0.410185 0.49349 0.412963 0.493229 0.415741 0.494792 0.431019 0.496875 0.436574 0.500521 0.439815 0.505208 0.447685 0.509896 0.447685 0.510677 0.446296 0.509896 0.44213 0.511979 0.438889 0.51224 0.435185 0.509896 0.431944 0.510156 0.424537 0.504948 0.405556 0.502344 0.402778
0 0.592187 0.212963 0.590885 0.209722 0.584115 0.202778 0.577865 0.201852 0.573958 0.203241 0.563281 0.209722 0.55651 0.216204 0.551042 0.21713 0.549479 0.218519 0.549219 0.22037 0.552604 0.220833 0.55599 0.223611 0.552604 0.230093 0.550521 0.231019 0.55026 0.233796 0.557031 0.231019 0.561198 0.231481 0.564063 0.233333 0.58151 0.232407 0.58776 0.227315 0.592448 0.22037
0 0.377865 0.546296 0.375 0.546759 0.373437 0.550463 0.371875 0.565741 0.36901 0.574537 0.369531 0.577778 0.376563 0.568056 0.378646 0.562037 0.379427 0.551852 0.379167 0.549074
