0 0.391146 0.864352 0.390104 0.87037 0.390625 0.877315 0.397135 0.893519 0.405729 0.908796 0.407813 0.911574 0.413542 0.914815 0.415365 0.918519 0.416406 0.924074 0.41849 0.927315 0.421875 0.928704 0.425521 0.928704 0.427865 0.927315 0.43151 0.927778 0.432552 0.929167 0.434375 0.940741 0.435677 0.943056 0.438021 0.939352 0.440365 0.930093 0.444792 0.922222 0.447135 0.913426 0.446354 0.911111 0.441406 0.910648 0.438802 0.907407 0.435937 0.899537 0.433594 0.890278 0.428385 0.87963 0.422917 0.873148 0.415104 0.867593 0.398177 0.862037 0.393229 0.862037
0 0.37526 0.226852 0.377344 0.230556 0.386198 0.234722 0.388281 0.237963 0.389062 0.240741 0.392448 0.244444 0.395052 0.245833 0.404167 0.255556 0.410938 0.260185 0.416927 0.261574 0.420573 0.261111 0.42526 0.258796 0.426042 0.256019 0.42526 0.249074 0.41849 0.237037 0.414323 0.231019 0.408333 0.226389 0.395833 0.222222 0.391146 0.219444 0.386458 0.222222 0.379427 0.217593 0.379167 0.220833 0.38125 0.224074 0.38099 0.226852 0.380208 0.227778 0.377865 0.225926
0 0.609115 0.611111 0.609115 0.6125 0.618229 0.613889 0.621875 0.619444 0.633594 0.627778 0.641146 0.628241 0.644531 0.626852 0.647135 0.623148 0.647135 0.619444 0.646354 0.616204 0.642708 0.609259 0.638281 0.60463 0.633073 0.602315 0.619271 0.603241 0.61276 0.600463 0.611458 0.602315 0.614062 0.603704 0.615104 0.606481 0.61276 0.609259 0.609896 0.609259
0 0.111198 0.324074 0.111458 0.327778 0.113542 0.331481 0.119531 0.336111 0.127344 0.337037 0.136979 0.335648 0.136719 0.327315 0.133333 0.324074 0.126562 0.319907 0.122656 0.318519 0.115885 0.318981 0.113021 0.320833
0 0.322396 0.160648 0.321094 0.15463 0.317448 0.150926 0.310677 0.147222 0.30625 0.147222 0.30026 0.15 0.292187 0.156019 0.285677 0.157407 0.285417 0.158333 0.28724 0.161111 0.28724 0.164815 0.285417 0.168519 0.286458 0.169907 0.29375 0.16713 0.297917 0.170833 0.310937 0.171296 0.314323 0.17037 0.321354 0.164815
0 0.501563 0.609722 0.499479 0.608333 0.497656 0.608333 0.496094 0.609722 0.485677 0.629167 0.483073 0.631944 0.480208 0.633333 0.482812 0.637037 0.480729 0.640741 0.480469 0.644907 0.4875 0.639815 0.491146 0.64213 0.497917 0.632407 0.501042 0.626389 0.502083 0.622222 0.502344 0.614352
0 0.00106771 0.554722 0.00148438 0.556435 0.0015625 0.557407 0.00338542 0.561574 0.0078125 0.566204 0.0223958 0.575926 0.0255208 0.574074 0.0252604 0.570833 0.0197917 0.562037 0.0179687 0.557407 0.0119792 0.55 0.00859375 0.548148 0.00494792 0.548611 0.003125 0.55 0.0015625 0.553241
0 0.13724 0.0162037 0.138542 0.0189815 0.146354 0.0208333 0.154427 0.0189815 0.157812 0.0162037 0.161719 0.0111111 0.163542 0.00509259 0.163542 0 0.147135 0 0.146875 0.00185185 0.140365 0.00833333 0.138281 0.012037
0 0.25138 0.550093 0.25599 0.555556 0.258333 0.560648 0.252214 0.564954 0.258594 0.566667 0.259896 0.57037 0.259896 0.574537 0.263281 0.576389 0.272396 0.585185 0.276562 0.587963 0.283333 0.588889 0.286198 0.587037 0.286719 0.58287 0.286458 0.575463 0.282813 0.566204 0.279167 0.559722 0.275781 0.557407 0.26901 0.556019 0.265625 0.553704 0.261719 0.55463 0.257031 0.553241 0.254948 0.551389
0 0.25349 0.415463 0.255208 0.422685 0.253307 0.425324 0.261458 0.434722 0.266146 0.436574 0.26901 0.434259 0.269271 0.429167 0.26875 0.425 0.267708 0.421296 0.265885 0.418056 0.263802 0.41713 0.25599 0.41713
0 0.46276 0.348611 0.461198 0.34537 0.453646 0.338889 0.445052 0.337963 0.436458 0.341667 0.426563 0.343519 0.425781 0.34537 0.43099 0.348611 0.425 0.352778 0.426563 0.354167 0.435937 0.354167 0.445052 0.359259 0.455729 0.360185 0.461198 0.357407 0.4625 0.354167
0 0.41849 0.473148 0.415885 0.466667 0.410938 0.462037 0.40026 0.457407 0.39375 0.45787 0.383073 0.466204 0.379688 0.46713 0.37474 0.47037 0.365729 0.470046 0.370312 0.473611 0.372396 0.474074 0.376042 0.477315 0.374479 0.481481 0.370833 0.484259 0.369661 0.488148 0.373437 0.486111 0.376563 0.484259 0.380729 0.485185 0.383073 0.487963 0.383333 0.491204 0.388542 0.490278 0.401302 0.490741 0.407552 0.488426 0.415625 0.481019 0.417969 0.477315
0 0.23724 0.568056 0.234375 0.56713 0.232031 0.57037 0.230729 0.574537 0.229948 0.581019 0.230729 0.586574 0.234375 0.585648 0.236719 0.581481 0.238021 0.575
