0 0.61276 0.0342593 0.608854 0.0342593 0.605729 0.0361111 0.60026 0.0435185 0.598958 0.0527778 0.597917 0.0680556 0.598437 0.0810185 0.600781 0.0893519 0.605729 0.0958333 0.607031 0.0953704 0.609115 0.0912037 0.609896 0.0847222 0.611979 0.0782407 0.613802 0.0657407 0.615104 0.0615741 0.619271 0.0541667 0.617448 0.0388889
0 0.696354 0.133333 0.692969 0.12963 0.691406 0.129167 0.682292 0.12963 0.678906 0.133333 0.674219 0.131481 0.671615 0.128704 0.66901 0.129167 0.66875 0.130093 0.670833 0.13287 0.672396 0.137037 0.672135 0.139815 0.664844 0.152778 0.657813 0.168519 0.65625 0.181481 0.65599 0.188889 0.656771 0.192593 0.658333 0.193056 0.665104 0.182407 0.678385 0.157407 0.681771 0.154167 0.68724 0.151852 0.692708 0.146296 0.696615 0.137037
0 0.515885 0.308796 0.513802 0.305556 0.506771 0.302778 0.502344 0.303241 0.491927 0.308796 0.490104 0.310648 0.486198 0.311111 0.485677 0.323148 0.486198 0.325 0.490625 0.325463 0.498437 0.324537 0.501302 0.322685 0.513802 0.321296 0.516406 0.316204
0 0.604948 0.241204 0.601302 0.236111 0.596094 0.233796 0.591146 0.234259 0.584115 0.2375 0.580469 0.245833 0.578385 0.25463 0.578125 0.2625 0.578906 0.268981 0.58125 0.273148 0.584375 0.273148 0.591927 0.268519 0.596094 0.260648 0.602604 0.252778 0.604948 0.245833
0 0.932031 0.959259 0.931771 0.963889 0.932292 0.967593 0.93724 0.980093 0.938021 0.984722 0.940365 0.987963 0.947135 0.992593 0.952604 0.994907 0.957292 0.994444 0.961458 0.99213 0.967187 0.991204 0.969531 0.987963 0.96901 0.984259 0.966927 0.980556 0.960677 0.974074 0.959375 0.969907 0.959115 0.963426 0.957292 0.959722 0.948177 0.955093 0.942708 0.950463 0.938542 0.950463 0.933333 0.956019
0 0 0.0388889 0.00182292 0.0388889 0.00494792 0.0416667 0.00859375 0.0425926 0.00911458 0.0388889 0.00598958 0.0296296 0.00729167 0.0282407 0.00963542 0.0282407 0.01875 0.0319444 0.0263021 0.0324074 0.0294271 0.0314815 0.0341146 0.0282407 0.0361979 0.0259259 0.0380208 0.0203704 0.0398437 0.0180556 0.0463542 0.0217593 0.0492187 0.0208333 0.0505208 0.0175926 0.0502604 0 0 0
0 0.417969 0.274074 0.416146 0.272685 0.408333 0.27037 0.404427 0.271296 0.400521 0.275463 0.396094 0.276389 0.394271 0.278241 0.392708 0.288426 0.396615 0.293519 0.400286 0.289259 0.408646 0.286713 0.417135 0.283102
0 0.286458 0.573148 0.286458 0.578241 0.288021 0.583333 0.289583 0.595833 0.293229 0.609259 0.296354 0.613889 0.304948 0.623148 0.317448 0.644444 0.321094 0.64537 0.321354 0.643981 0.320312 0.64213 0.31901 0.636574 0.319271 0.631944 0.321094 0.62963 0.326042 0.638889 0.327083 0.643056 0.33099 0.650926 0.334896 0.650926 0.332813 0.643981 0.332552 0.639815 0.334635 0.637963 0.338281 0.637963 0.338542 0.637037 0.336198 0.635648 0.323698 0.616204 0.324219 0.6125 0.325521 0.611111 0.334635 0.606944 0.335156 0.605556 0.333073 0.601852 0.325521 0.593519 0.316667 0.577778 0.310677 0.570833 0.303906 0.567593 0.297656 0.56713 0.289844 0.569907
0 0.426823 0.421759 0.430469 0.425463 0.432031 0.428241 0.432812 0.431944 0.432812 0.435648 0.43099 0.440278 0.427344 0.442593 0.427344 0.445833 0.43099 0.447222 0.440365 0.447222 0.441667 0.448148 0.448177 0.463426 0.452865 0.47037 0.459896 0.477315 0.469531 0.479167 0.479427 0.483333 0.486719 0.48287 0.497135 0.478704 0.498177 0.477315 0.498177 0.463889 0.494792 0.448148 0.48776 0.43287 0.48125 0.425 0.474219 0.420833 0.4625 0.419444 0.453906 0.421759 0.447917 0.425 0.446094 0.427778 0.442188 0.428704 0.432031 0.421759 0.429167 0.420833
0 0.57474 0.143519 0.571354 0.140741 0.569271 0.140278 0.564063 0.142593 0.560677 0.146759 0.550521 0.14213 0.548958 0.143519 0.552865 0.147685 0.557813 0.150926 0.559115 0.153704 0.554167 0.175 0.553646 0.186111 0.554948 0.188889 0.556771 0.190741 0.558073 0.189815 0.560677 0.18287 0.564063 0.181019 0.571094 0.168056 0.571615 0.165741 0.57526 0.161111 0.576823 0.151852 0.576823 0.147222
