0 0.602083 0.563426 0.598958 0.5625 0.593229 0.571296 0.5875 0.591667 0.588281 0.593981 0.591927 0.591204 0.6 0.577778 0.602344 0.571296
0 0.34401 0.588426 0.341667 0.584722 0.338542 0.58287 0.334896 0.582407 0.326823 0.586574 0.32526 0.588889 0.324479 0.592593 0.32526 0.594907 0.327865 0.596296 0.338542 0.597222 0.342448 0.59537 0.34401 0.591667
0 0.978646 0.480556 0.977604 0.479167 0.973958 0.480093 0.967187 0.484722 0.961719 0.491667 0.959115 0.497685 0.958594 0.5 0.958854 0.505093 0.959896 0.506481 0.9625 0.506944 0.966927 0.505093 0.977604 0.4875 0.978646 0.484259
0 0.565625 0.623148 0.564063 0.62037 0.560937 0.617593 0.557031 0.615741 0.553646 0.615741 0.545573 0.621296 0.540365 0.623148 0.540365 0.626389 0.546094 0.62963 0.555208 0.630556 0.564063 0.627778 0.565365 0.625926
0 0.277344 0.40787 0.278646 0.411111 0.290625 0.421759 0.296354 0.424074 0.30026 0.422222 0.300521 0.418056 0.3 0.416667 0.296615 0.4125 0.290885 0.40787 0.283333 0.405093 0.279167 0.405093
0 0.364583 0.633333 0.366406 0.638889 0.369792 0.641204 0.38724 0.64213 0.388542 0.640741 0.388021 0.637037 0.386719 0.635185 0.379427 0.628704 0.37526 0.627778 0.36901 0.628241 0.365885 0.630093
0 0 0.472685 0 0.5 0.00182292 0.5 0.0078125 0.505093 0.0127604 0.50463 0.0140625 0.501389 0.0138021 0.497222 0.0119792 0.487963 0.009375 0.480556 0.00494792 0.474537
0 0.0210938 0.702778 0.0190104 0.7 0.0145833 0.699074 0.00859375 0.700926 0.0015625 0.706481 0 0.706481 0 0.72037 0.00494792 0.719907 0.00911458 0.71713 0.0135417 0.712037 0.0184896 0.709722 0.0210938 0.706481
0 0.284115 0.586574 0.284115 0.584259 0.283073 0.581944 0.276042 0.574074 0.274219 0.573611 0.270052 0.574074 0.263802 0.577315 0.258854 0.577778 0.258854 0.581481 0.257812 0.584722 0.263281 0.586574 0.26875 0.590278 0.275781 0.591667 0.282292 0.589815
0 0.276042 0.529167 0.276823 0.53287 0.278906 0.536111 0.284375 0.539815 0.289062 0.541204 0.295833 0.541204 0.298958 0.539815 0.299479 0.5375 0.298177 0.53287 0.291927 0.529167 0.28776 0.528241
0 0.0377604 0.554167 0.0382813 0.556481 0.0398437 0.558333 0.0445313 0.559722 0.0505208 0.559722 0.0630208 0.555556 0.0700521 0.551852 0.0747396 0.551389 0.0757812 0.55 0.0757812 0.546759 0.0708333 0.543981 0.0677083 0.539815 0.0518229 0.538889 0.046875 0.541204 0.0427083 0.544907 0.0388021 0.550463
0 0.761458 0.554167 0.760938 0.550463 0.759896 0.548611 0.755208 0.54537 0.746615 0.545833 0.7375 0.548148 0.735677 0.55 0.735938 0.553241 0.73776 0.555093 0.750781 0.560185 0.758594 0.559722 0.760938 0.556481
0 0.0643229 0.383333 0.0653646 0.387037 0.0744792 0.39537 0.08125 0.399537 0.0885417 0.401389 0.0908854 0.400463 0.0916667 0.398148 0.0911458 0.389815 0.0869792 0.383333 0.0820312 0.381481 0.0684896 0.381019 0.0661458 0.381481
0 0.61901 0.623148 0.61875 0.626389 0.620052 0.628704 0.622656 0.630093 0.630208 0.638426 0.63724 0.640741 0.640104 0.639352 0.641146 0.637037 0.641406 0.633796 0.640365 0.630093 0.63776 0.626389 0.634375 0.624074 0.630469 0.622685
0 0.223177 0.290278 0.221615 0.291667 0.220573 0.294444 0.220052 0.305093 0.220312 0.325926 0.221615 0.331944 0.222917 0.334722 0.227344 0.335648 0.229167 0.331944 0.229167 0.32037 0.225781 0.297222 0.224219 0.291204
0 0.766667 0.529167 0.776563 0.536574 0.783073 0.538426 0.789844 0.537963 0.791667 0.534722 0.791406 0.530093 0.789844 0.526852 0.783594 0.523611 0.777865 0.523148 0.768229 0.525926
0 0.227865 0.536111 0.228125 0.539815 0.230469 0.543981 0.238281 0.548148 0.245573 0.550463 0.254948 0.55 0.25599 0.546759 0.255208 0.543056 0.244792 0.53287 0.241406 0.531019 0.234115 0.531019 0.229948 0.53287
0 0 0.298148 0 0.311574 0.0015625 0.311574 0.00234375 0.313889 0.00286458 0.321296 0.00494792 0.33287 0.00859375 0.344907 0.0111979 0.350926 0.0151042 0.356481 0.0192708 0.356944 0.0221354 0.355093 0.0231771 0.352778 0.0223958 0.340741 0.015625 0.32037 0.0119792 0.3125 0.00625 0.305556 0.0015625 0.298148
0 0.661198 0.67037 0.661458 0.673148 0.66276 0.674074 0.676042 0.675463 0.679167 0.674537 0.681771 0.671759 0.681771 0.668056 0.678385 0.663426 0.675521 0.662037 0.670833 0.662037 0.66224 0.667593
0 0.95599 0.536574 0.95625 0.539815 0.960417 0.543519 0.966146 0.546759 0.974479 0.547685 0.977344 0.546759 0.979167 0.543056 0.977865 0.535648 0.973698 0.532407 0.966406 0.531944
0 0.0997396 0.594907 0.0997396 0.598611 0.101823 0.602778 0.111719 0.612963 0.117969 0.614352 0.121094 0.6125 0.120833 0.609259 0.11276 0.596296 0.107031 0.593519 0.101562 0.593519
