0 0.123958 0.674074 0.122656 0.675463 0.120833 0.681944 0.120833 0.687037 0.122396 0.691204 0.126562 0.692593 0.127865 0.688426 0.127604 0.678704 0.126562 0.674074
0 0.127344 0.459722 0.127604 0.462963 0.129167 0.466667 0.133073 0.468981 0.154688 0.475926 0.165625 0.481019 0.173177 0.482407 0.196615 0.494907 0.20599 0.498148 0.210417 0.498148 0.210417 0.494444 0.20651 0.489815 0.200521 0.486574 0.19375 0.480556 0.182292 0.473611 0.165104 0.466667 0.160156 0.465741 0.153906 0.462963 0.142187 0.461111 0.134115 0.457407 0.130208 0.456944
0 0 0.150463 0 0.167593 0.00182292 0.167593 0.0117188 0.175 0.0208333 0.179167 0.0335937 0.187037 0.0502604 0.199537 0.0692708 0.211111 0.0919271 0.227315 0.114844 0.239352 0.120573 0.243519 0.12474 0.249074 0.126562 0.25 0.128125 0.248148 0.127865 0.243519 0.126562 0.240278 0.101042 0.218519 0.0817708 0.199074 0.0765625 0.197222 0.0671875 0.190278 0.0580729 0.181944 0.0489583 0.176852 0.0364583 0.168056 0.0268229 0.162963 0.0205729 0.15787 0.0143229 0.156019 0.00807292 0.151389
0 0.624219 0.480093 0.625 0.482407 0.626042 0.48287 0.628906 0.481019 0.63099 0.481019 0.650781 0.489815 0.696615 0.499537 0.709375 0.505093 0.71849 0.505556 0.727083 0.508333 0.73151 0.508333 0.730729 0.505093 0.727344 0.502778 0.714583 0.497685 0.704948 0.490741 0.678646 0.481481 0.661979 0.479167 0.651042 0.476389 0.635417 0.476852 0.629948 0.474537 0.626563 0.471296 0.625 0.473611
0 0.12474 0.28287 0.127865 0.286111 0.132812 0.288889 0.139063 0.296759 0.14401 0.301389 0.166927 0.315741 0.204948 0.34537 0.227083 0.359259 0.228646 0.358796 0.230469 0.356481 0.229167 0.354167 0.222396 0.350463 0.192969 0.320833 0.184115 0.313889 0.169271 0.303704 0.164844 0.301852 0.153125 0.293056 0.134896 0.285648 0.130469 0.282407 0.126302 0.281481
0 0.248177 0.662963 0.247917 0.666204 0.249219 0.671296 0.252083 0.677315 0.254948 0.681019 0.260677 0.686111 0.265885 0.688889 0.279687 0.688889 0.282292 0.689815 0.282813 0.697731 0.28513 0.701759 0.286224 0.696019 0.289167 0.688009 0.289479 0.681019 0.288646 0.676111 0.286979 0.67963 0.283073 0.681481 0.28099 0.680093 0.278646 0.676389 0.273958 0.664815 0.26901 0.658333 0.26224 0.655093 0.254948 0.655093 0.252083 0.657407
0 0.395833 0.775926 0.395573 0.779167 0.400521 0.796759 0.404687 0.804167 0.408333 0.808333 0.415104 0.812037 0.428125 0.8125 0.429427 0.814352 0.430729 0.823148 0.432292 0.828241 0.433854 0.825 0.439583 0.805556 0.440625 0.80125 0.439063 0.801389 0.432031 0.806481 0.429948 0.805093 0.419792 0.77963 0.414844 0.772222 0.411979 0.769907 0.404427 0.768981
0 0.482812 0.376852 0.480208 0.375926 0.477083 0.377315 0.467708 0.390278 0.460677 0.40463 0.455729 0.418056 0.45625 0.421759 0.460417 0.418981 0.467187 0.409722 0.473177 0.399537 0.477344 0.394444 0.480729 0.387963 0.482812 0.380556
0 0.229167 0.469907 0.235417 0.477315 0.239844 0.481019 0.254167 0.488426 0.260156 0.492593 0.265885 0.5 0.274219 0.502778 0.278906 0.506481 0.28125 0.506944 0.282813 0.508796 0.284115 0.508333 0.283854 0.505093 0.276302 0.499074 0.269792 0.4875 0.266406 0.486111 0.254948 0.477315 0.242708 0.47037 0.23125 0.468056
0 0.633594 0.556944 0.632812 0.562963 0.634896 0.568056 0.641406 0.575 0.647396 0.584259 0.653125 0.591204 0.657292 0.593519 0.659115 0.59213 0.657813 0.586111 0.650521 0.572222 0.640625 0.562963 0.63724 0.556481
0 0.699479 0.623148 0.701302 0.627778 0.704167 0.630556 0.747917 0.645833 0.752865 0.646296 0.755729 0.643981 0.753646 0.640741 0.751302 0.638889 0.733333 0.631481 0.723958 0.625463 0.705729 0.621296 0.701302 0.621296
0 0.559375 0.883333 0.559635 0.8875 0.5625 0.893981 0.566667 0.897685 0.571615 0.897685 0.577865 0.893519 0.580495 0.891019 0.584063 0.896852 0.584375 0.887963 0.584375 0.88287 0.584167 0.876481 0.581146 0.880139 0.577865 0.880093 0.571094 0.87037 0.567708 0.869907 0.564323 0.873148 0.560417 0.880093
0 0.355208 0.515278 0.357552 0.518981 0.36276 0.520833 0.369792 0.525463 0.39375 0.533333 0.407813 0.540741 0.421875 0.543981 0.429688 0.543981 0.43151 0.544907 0.432031 0.546759 0.435677 0.547685 0.43776 0.546759 0.435677 0.543981 0.428385 0.54213 0.415365 0.529167 0.404687 0.523148 0.396094 0.520833 0.391667 0.518519 0.380729 0.516204 0.370312 0.515741 0.361719 0.513889 0.357552 0.513889
0 0 0.331944 0 0.340741 0.00182292 0.340741 0.0119792 0.347222 0.0216146 0.351852 0.0354167 0.356481 0.040625 0.356481 0.0434896 0.355093 0.0458333 0.352315 0.0434896 0.35 0.0398437 0.348611 0.0328125 0.348148 0.0223958 0.34213 0.0111979 0.3375 0.00520833 0.333333
