0 0.259115 0.508796 0.258073 0.498611 0.257292 0.496759 0.255729 0.49537 0.251302 0.494907 0.248177 0.49213 0.243229 0.491667 0.239323 0.493056 0.220573 0.493981 0.20651 0.498611 0.198958 0.504167 0.195573 0.509259 0.194792 0.513889 0.196094 0.516204 0.199219 0.516667 0.207813 0.516204 0.2125 0.514815 0.228646 0.514815 0.232292 0.515741 0.241146 0.514815 0.255469 0.515278 0.258594 0.512963
0 0.282552 0.44537 0.282813 0.447222 0.286719 0.447685 0.30026 0.437037 0.308073 0.436574 0.313021 0.437963 0.326823 0.446296 0.335677 0.45 0.352344 0.453241 0.3625 0.456481 0.378125 0.45787 0.390625 0.460648 0.397135 0.463426 0.408594 0.465278 0.42526 0.471759 0.446875 0.475463 0.454427 0.475463 0.459375 0.474074 0.460156 0.470833 0.457031 0.468981 0.444531 0.465741 0.436719 0.4625 0.426302 0.455556 0.418229 0.451852 0.408594 0.450463 0.40026 0.445833 0.384635 0.441667 0.366406 0.435185 0.338542 0.431481 0.334896 0.430093 0.329688 0.425 0.324479 0.423611 0.29974 0.424537 0.296354 0.419907 0.293229 0.412963 0.289844 0.410185 0.2875 0.417593 0.28724 0.429167 0.286198 0.435185 0.283073 0.442593
0 0.564063 0.609259 0.560677 0.6125 0.559375 0.620833 0.555208 0.628704 0.553906 0.634259 0.553646 0.662963 0.554167 0.664352 0.557552 0.664352 0.560156 0.657407 0.56224 0.648148 0.564323 0.619907 0.564583 0.611111
0 0.685937 0.864815 0.684115 0.86713 0.68125 0.882407 0.68151 0.890741 0.682292 0.893056 0.684896 0.893056 0.686458 0.891667 0.689063 0.884722 0.688021 0.869907 0.68724 0.866667
0 0.494792 0.669907 0.488542 0.689352 0.477083 0.70463 0.470313 0.718981 0.469792 0.723611 0.471354 0.730556 0.471354 0.737963 0.472135 0.741204 0.475 0.74537 0.478385 0.746759 0.483854 0.746296 0.4875 0.741667 0.489323 0.737037 0.491146 0.726852 0.492448 0.712963 0.492448 0.694907 0.495833 0.676389 0.495833 0.671759
0 0.910937 0.581481 0.915104 0.581481 0.929167 0.568519 0.935156 0.56713 0.950521 0.568981 0.966927 0.572685 0.99974 0.576852 0.99974 0.554167 0.97526 0.555093 0.963802 0.551389 0.959115 0.551389 0.953906 0.552778 0.940625 0.552778 0.928646 0.55463 0.921354 0.545833 0.917969 0.54537 0.916927 0.550926 0.916406 0.565741 0.913542 0.573611 0.911198 0.577778
0 0 0.584259 0 0.67037 0.00677083 0.669444 0.0203125 0.662963 0.021875 0.661111 0.0229167 0.656019 0.0231771 0.65 0.0223958 0.635648 0.0203125 0.624074 0.0171875 0.613889 0.0158854 0.60463 0.0138021 0.599074 0.00859375 0.591204 0.0015625 0.584259
0 0.716667 0.767593 0.716667 0.781481 0.715104 0.79213 0.713802 0.796296 0.713802 0.8 0.71849 0.808333 0.720052 0.812963 0.723958 0.818981 0.727083 0.821296 0.732292 0.823148 0.738021 0.828241 0.748958 0.834259 0.748958 0.8375 0.747656 0.841204 0.748437 0.844444 0.751823 0.844444 0.754687 0.843056 0.76224 0.835185 0.775781 0.831019 0.784635 0.824537 0.788021 0.82037 0.789323 0.808796 0.789062 0.806944 0.786979 0.803241 0.773438 0.786574 0.760938 0.775463 0.752865 0.771296 0.73776 0.76713 0.729948 0.768056 0.724219 0.771759 0.719792 0.773148 0.718229 0.771759
0 0.663802 0.834722 0.661458 0.831019 0.653906 0.831019 0.648177 0.829167 0.640365 0.830093 0.632031 0.834722 0.626563 0.839815 0.616406 0.853241 0.609375 0.866204 0.606771 0.875 0.603906 0.881019 0.600521 0.883333 0.588281 0.887037 0.5875 0.890278 0.590885 0.892593 0.592969 0.89537 0.598177 0.905093 0.598958 0.90787 0.598958 0.911111 0.598177 0.913889 0.598437 0.918056 0.601823 0.91713 0.604427 0.914815 0.611198 0.905556 0.619531 0.904167 0.626302 0.900463 0.633333 0.894907 0.64375 0.890278 0.647917 0.887037 0.658333 0.869907 0.660677 0.859259 0.6625 0.855556 0.664583 0.848148 0.664844 0.838426
0 0.594531 0.768519 0.592448 0.762037 0.588281 0.754167 0.585156 0.750926 0.58099 0.750926 0.574479 0.755556 0.571354 0.759722 0.568229 0.759259 0.564063 0.755093 0.561719 0.769444 0.561719 0.776389 0.564323 0.778241 0.567708 0.774537 0.570052 0.776389 0.574479 0.783333 0.577865 0.785648 0.582812 0.786111 0.588542 0.782407 0.59401 0.772685
