0 0.209635 0.789815 0.209115 0.79537 0.210677 0.8 0.215625 0.806944 0.220312 0.810185 0.229687 0.811574 0.234635 0.809722 0.2375 0.807407 0.240885 0.802315 0.241146 0.794907 0.239063 0.787963 0.232552 0.778241 0.228646 0.775926 0.224219 0.775926 0.220833 0.778704 0.217188 0.780093 0.211719 0.785185
0 0.236198 0.822685 0.234896 0.82963 0.236719 0.837037 0.241927 0.843981 0.255729 0.850463 0.258854 0.848611 0.260677 0.843981 0.260677 0.82963 0.256771 0.821759 0.254688 0.819907 0.251563 0.814815 0.248438 0.812963 0.24401 0.813426 0.240104 0.816667
0 0.160677 0.730093 0.158854 0.728241 0.154167 0.728704 0.152604 0.730093 0.145833 0.742593 0.142969 0.75463 0.142969 0.761111 0.14375 0.7625 0.14974 0.765741 0.159375 0.766204 0.16224 0.764352 0.163281 0.75463 0.163281 0.74537 0.16224 0.734259
0 0.136979 0.628704 0.133333 0.637037 0.130469 0.647222 0.130208 0.651389 0.132031 0.660648 0.133073 0.6625 0.138802 0.666204 0.144531 0.672222 0.151302 0.673611 0.154427 0.671759 0.159375 0.663426 0.160938 0.65787 0.161198 0.642593 0.159375 0.634259 0.158073 0.631944 0.155469 0.630093 0.15 0.628241 0.139844 0.626852
0 0.307292 0.740741 0.30625 0.755093 0.307031 0.762037 0.309635 0.760185 0.313802 0.761111 0.324479 0.775926 0.33099 0.781019 0.335677 0.780093 0.339583 0.776389 0.340885 0.773611 0.341146 0.768981 0.339062 0.755093 0.335156 0.747685 0.33151 0.744444 0.327865 0.743056 0.322135 0.743981 0.317969 0.747685 0.314063 0.746759 0.310677 0.740278
0 0.0539063 0.687037 0.0520833 0.690741 0.0523438 0.697685 0.0513021 0.705556 0.053125 0.712037 0.0557292 0.716667 0.0611979 0.721296 0.0640625 0.725463 0.0669271 0.726852 0.0721354 0.725926 0.0752604 0.722685 0.0773438 0.718981 0.078125 0.712963 0.0802083 0.706944 0.0802083 0.704167 0.0786458 0.701852 0.0765625 0.691204 0.075 0.688426 0.0726563 0.686111 0.0648438 0.682407 0.0598958 0.68287
0 0.365365 0.761111 0.363802 0.7625 0.361198 0.762963 0.355208 0.773148 0.353125 0.775463 0.35 0.775926 0.343229 0.77963 0.3375 0.788889 0.326562 0.8125 0.320833 0.812037 0.31849 0.813426 0.318229 0.816204 0.319531 0.818519 0.320573 0.826852 0.319531 0.8375 0.319531 0.847685 0.320312 0.851389 0.323698 0.852315 0.327344 0.851389 0.329688 0.849537 0.334896 0.849537 0.3375 0.848148 0.342448 0.836111 0.345313 0.831944 0.347656 0.830093 0.347656 0.828241 0.345573 0.823611 0.345573 0.821759 0.350781 0.8 0.354167 0.793519 0.361198 0.791204 0.363542 0.787963 0.365365 0.781944 0.365885 0.768056
0 0.136979 0.5625 0.132812 0.563426 0.126042 0.570833 0.119531 0.582407 0.117448 0.588426 0.117969 0.59537 0.122656 0.608796 0.125781 0.613426 0.129427 0.615741 0.132812 0.615278 0.136719 0.6125 0.143229 0.602315 0.145573 0.594907 0.146354 0.583333 0.145833 0.574537 0.144792 0.570833 0.142187 0.566667
0 0.101823 0.675463 0.101823 0.677315 0.105469 0.684259 0.111198 0.688426 0.115625 0.688889 0.128125 0.683796 0.129427 0.681481 0.129948 0.678704 0.129948 0.669907 0.128125 0.6625 0.123177 0.652778 0.119531 0.648611 0.114844 0.646759 0.113542 0.648611 0.11276 0.662963 0.111979 0.664815 0.109635 0.66713 0.107292 0.672222 0.103385 0.672685
0 0.0820312 0.62963 0.0804688 0.632407 0.0791667 0.637037 0.0789062 0.644907 0.0791667 0.649537 0.0799479 0.651852 0.0830729 0.656944 0.0877604 0.662037 0.0958333 0.667593 0.0979167 0.668056 0.100234 0.668565 0.101042 0.666204 0.103646 0.663426 0.109323 0.663287 0.112396 0.657269 0.111979 0.646296 0.112005 0.644444 0.111224 0.64213 0.109896 0.639352 0.106771 0.63287 0.102604 0.628241 0.0960938 0.625 0.0877604 0.625
0 0.0466146 0.593519 0.0489583 0.60787 0.0510417 0.613426 0.0526042 0.615741 0.0572917 0.616667 0.0614583 0.621759 0.0664062 0.624074 0.0726563 0.624537 0.0760417 0.623611 0.0791667 0.618981 0.0802083 0.615278 0.0783854 0.607407 0.0763021 0.603241 0.0731771 0.599074 0.0669271 0.593519 0.0588542 0.591204 0.0528646 0.591667
0 0.0606771 0.627315 0.0575521 0.621296 0.05625 0.62037 0.0520833 0.62037 0.0460938 0.624537 0.0401042 0.624537 0.0372396 0.627778 0.0372396 0.642593 0.0393229 0.649074 0.0424479 0.652778 0.0507812 0.655556 0.0567708 0.65463 0.0614583 0.649537 0.0638021 0.643056 0.0630208 0.635185
