0 0.0195312 0.584722 0.0182292 0.581019 0.015625 0.578704 0.0130208 0.577778 0.0078125 0.578241 0.0015625 0.581944 0 0.581944 0 0.592593 0.0125 0.591667 0.0184896 0.587963
0 0.147396 0.55 0.144792 0.547685 0.142708 0.547685 0.13724 0.550926 0.133594 0.551852 0.132552 0.550463 0.133594 0.546759 0.133073 0.543981 0.129167 0.536111 0.113021 0.516667 0.108594 0.515741 0.105469 0.51713 0.0947917 0.525926 0.0882813 0.535185 0.0830729 0.550926 0.0757812 0.563889 0.0742188 0.565278 0.0729167 0.568519 0.0721354 0.589352 0.0723958 0.604167 0.0742188 0.618981 0.0757812 0.625926 0.078125 0.630093 0.08125 0.631944 0.0895833 0.632407 0.0942708 0.631019 0.102083 0.625 0.115625 0.619907 0.119792 0.615741 0.120313 0.611111 0.11901 0.606019 0.11901 0.601852 0.122656 0.596759 0.128125 0.599537 0.1375 0.610648 0.141146 0.612037 0.14401 0.609259 0.14375 0.605556 0.140885 0.598611 0.135937 0.589815 0.134896 0.586111 0.134896 0.581944 0.135677 0.577778 0.140104 0.571296 0.144271 0.562963 0.147396 0.554167
0 0.597396 0.938889 0.596615 0.941667 0.596615 0.947685 0.598958 0.961574 0.603385 0.96713 0.613542 0.970833 0.616146 0.974074 0.616406 0.969444 0.615625 0.966667 0.617188 0.963889 0.620052 0.963426 0.620313 0.960185 0.615365 0.956944 0.613802 0.95463 0.613021 0.949074 0.609375 0.938426 0.60599 0.933796 0.602083 0.933796
0 0.380208 0.796296 0.379427 0.796759 0.378125 0.800926 0.376563 0.823611 0.375521 0.830556 0.373177 0.834259 0.366146 0.83287 0.365625 0.834259 0.366146 0.837963 0.371094 0.847685 0.373698 0.855093 0.373177 0.860185 0.371875 0.8625 0.367708 0.865741 0.367188 0.868981 0.367708 0.874074 0.367708 0.902778 0.368229 0.911111 0.366146 0.928704 0.366667 0.941667 0.367708 0.947222 0.369792 0.951852 0.372656 0.952778 0.376563 0.95787 0.380208 0.956019 0.384635 0.946759 0.386979 0.938426 0.391927 0.900463 0.392448 0.879167 0.39375 0.86713 0.39375 0.861574 0.390885 0.840278 0.390625 0.824537 0.386979 0.825 0.385417 0.828241 0.384375 0.838426 0.383594 0.839815 0.382812 0.838426 0.382292 0.806019 0.38151 0.799537
0 0.160417 0.936574 0.157812 0.935185 0.151042 0.937963 0.14375 0.949537 0.141406 0.956481 0.139583 0.959722 0.13776 0.969444 0.136979 0.977315 0.139323 0.984722 0.14401 0.989352 0.147656 0.989815 0.153906 0.986111 0.158594 0.980556 0.159896 0.976852 0.159635 0.972222 0.161458 0.962963 0.160938 0.95 0.161458 0.938889
0 0.153307 0.800694 0.152396 0.802963 0.151849 0.806157 0.152344 0.810185 0.152083 0.817593 0.154427 0.824074 0.157031 0.841204 0.159635 0.848148 0.163542 0.855093 0.16849 0.860185 0.172135 0.861111 0.173958 0.863889 0.175781 0.872685 0.177083 0.883333 0.178646 0.889352 0.179948 0.884722 0.180208 0.869907 0.181771 0.865741 0.185677 0.86713 0.192448 0.874537 0.196354 0.873148 0.194792 0.868519 0.185417 0.856944 0.183594 0.852315 0.184115 0.848611 0.185938 0.844907 0.186719 0.841204 0.185156 0.832407 0.185677 0.816204 0.184635 0.810648 0.182292 0.806019 0.178125 0.801852 0.165625 0.796296 0.160938 0.795833 0.157708 0.796204 0.154714 0.79787
0 0.317448 0.873148 0.313021 0.877778 0.308568 0.880694 0.305729 0.885417 0.306224 0.892731 0.308594 0.901991 0.310781 0.905139 0.31401 0.908426 0.319505 0.911759 0.321536 0.911204 0.324948 0.909028 0.328125 0.912963 0.33125 0.915741 0.333073 0.914815 0.332552 0.90787 0.334375 0.903704 0.340104 0.901389 0.340625 0.899537 0.340365 0.897685 0.338542 0.895833 0.33362 0.894444 0.328906 0.883796 0.324219 0.875926 0.321354 0.873148
0 0.292865 0.909028 0.287865 0.914954 0.290885 0.925 0.290625 0.934722 0.291406 0.938889 0.296094 0.946296 0.3 0.948611 0.301563 0.948148 0.303385 0.945833 0.304688 0.940278 0.305729 0.931944 0.305469 0.928704 0.302865 0.921759 0.300781 0.918981 0.297396 0.916204
0 0.180208 0.655093 0.178385 0.654167 0.17526 0.656019 0.172135 0.661111 0.170573 0.665741 0.167187 0.672222 0.163021 0.675463 0.16276 0.678704 0.164583 0.682407 0.164583 0.686574 0.163542 0.691667 0.164583 0.696296 0.16901 0.696759 0.171615 0.694907 0.176823 0.688889 0.180208 0.681481 0.182552 0.672685 0.182292 0.663426 0.18125 0.657407
0 0.491146 0.946759 0.490365 0.949074 0.490365 0.966667 0.492708 0.971759 0.494792 0.974074 0.498177 0.968056 0.499479 0.960185 0.499479 0.956019 0.497917 0.949537 0.494792 0.945833
0 0.341927 0.660648 0.341406 0.663889 0.341927 0.668981 0.343229 0.670833 0.34349 0.672685 0.343229 0.675 0.338125 0.678333 0.34349 0.684722 0.34349 0.695833 0.346615 0.706481 0.346875 0.709722 0.347917 0.713426 0.34974 0.715278 0.352344 0.715741 0.355729 0.714352 0.357812 0.711111 0.358854 0.705556 0.359115 0.690278 0.358594 0.685648 0.355729 0.677315 0.352344 0.673148 0.346875 0.670833
0 0.473958 0.907407 0.470573 0.929167 0.467448 0.926389 0.465365 0.926389 0.463542 0.928241 0.464583 0.931019 0.466667 0.943519 0.466667 0.956944 0.464323 0.978704 0.464062 0.999537 0.48724 0.999537 0.48776 0.995833 0.48776 0.974074 0.486198 0.95463 0.484115 0.943981 0.479167 0.93287 0.476302 0.923611
0 0.0242188 0.618056 0.0223958 0.608333 0.0203125 0.604167 0.0184896 0.602315 0.015625 0.600926 0.0119792 0.600926 0.00677083 0.604167 0 0.603704 0 0.623148 0.0117188 0.625463 0.0223958 0.623611 0.0236979 0.622685
0 0.651042 0.874074 0.64349 0.883333 0.642188 0.887037 0.642188 0.89213 0.643229 0.897222 0.647656 0.904167 0.65026 0.905556 0.654948 0.905556 0.659896 0.899074 0.661458 0.889352 0.653906 0.875463
