0 0.0640625 0.612037 0.0653646 0.615741 0.0697917 0.623148 0.0770833 0.630556 0.0872396 0.643519 0.0994792 0.652778 0.107031 0.655556 0.109115 0.657407 0.111719 0.656481 0.111979 0.654167 0.110677 0.651852 0.0947917 0.634722 0.0869792 0.623148 0.0825521 0.619444 0.0677083 0.611574
0 0.683906 0.952407 0.684036 0.961759 0.686458 0.964815 0.69349 0.966667 0.698438 0.963102 0.699479 0.954444 0.691927 0.95 0.685937 0.95
0 0.549479 0.539815 0.550521 0.546759 0.560937 0.543981 0.579688 0.543056 0.607552 0.539352 0.644792 0.541204 0.661979 0.538889 0.665365 0.536111 0.6625 0.533796 0.650521 0.531944 0.641406 0.528241 0.62474 0.524537 0.601823 0.524074 0.581771 0.527778 0.560677 0.536574 0.55 0.536111
0 0.743229 0.449537 0.741406 0.448148 0.720313 0.447685 0.70625 0.442593 0.700521 0.441667 0.689063 0.441667 0.678646 0.435648 0.665365 0.442593 0.640365 0.444444 0.629427 0.446296 0.61224 0.446759 0.588802 0.456019 0.584635 0.456019 0.58151 0.452315 0.577865 0.450463 0.576302 0.451852 0.57474 0.456019 0.573438 0.480556 0.574479 0.481944 0.577865 0.477778 0.583073 0.468519 0.589583 0.465741 0.617448 0.468056 0.635938 0.464815 0.644271 0.464815 0.670312 0.460185 0.686979 0.460185 0.700521 0.4625 0.706771 0.4625 0.716927 0.459722 0.728385 0.45463 0.740365 0.452778
0 0.908594 0.497222 0.908594 0.505556 0.907813 0.506944 0.907292 0.511574 0.907813 0.5125 0.909375 0.509259 0.911458 0.508796 0.914062 0.506481 0.917969 0.507407 0.942969 0.525463 0.961719 0.536574 0.978906 0.544907 0.984375 0.548611 0.994531 0.558796 0.99974 0.560648 0.99974 0.536111 0.994792 0.535185 0.984115 0.525926 0.952865 0.508333 0.934635 0.501389 0.922917 0.5 0.914583 0.497685 0.9125 0.496296 0.911198 0.493519
0 0.450781 0.487963 0.448698 0.487037 0.434896 0.489815 0.41276 0.488426 0.403906 0.490741 0.376042 0.505093 0.36901 0.511111 0.364844 0.516204 0.358333 0.520833 0.352865 0.522685 0.345313 0.521759 0.34401 0.525463 0.345052 0.538889 0.34375 0.549074 0.344271 0.550463 0.345573 0.550926 0.348698 0.544444 0.350781 0.537037 0.353906 0.53287 0.372656 0.527778 0.375781 0.525 0.378646 0.524074 0.394531 0.513889 0.401042 0.512037 0.410677 0.506944 0.416927 0.505093 0.427865 0.50463 0.432812 0.502778 0.441146 0.496296 0.45026 0.491204
0 0 0.158796 0.0226562 0.157407 0.025 0.156481 0.0419271 0.14537 0.0466146 0.143981 0.0580729 0.137963 0.0596354 0.136111 0.0606771 0.13287 0.0604167 0.131481 0.0585938 0.130093 0.0421875 0.13287 0.0317708 0.13287 0.0226562 0.12963 0.0177083 0.12963 0 0.133796
0 0.153906 0.938889 0.160417 0.946296 0.167448 0.950926 0.172135 0.950926 0.190885 0.942593 0.197135 0.943981 0.203125 0.95 0.206771 0.946759 0.210677 0.935185 0.204167 0.926389 0.198177 0.922685 0.190625 0.911111 0.184635 0.90787 0.17526 0.907407 0.171875 0.909259 0.163542 0.917593 0.160417 0.926389 0.153906 0.935648
0 0.139323 0.387037 0.136458 0.386111 0.126562 0.3875 0.11849 0.396759 0.108333 0.40463 0.0992187 0.415278 0.0885417 0.425463 0.0867187 0.428704 0.0848958 0.436111 0.0848958 0.438889 0.0835937 0.444444 0.0838542 0.448611 0.0848958 0.449537 0.0864583 0.443981 0.0882813 0.440278 0.0888021 0.437037 0.0916667 0.431944 0.10599 0.424074 0.113021 0.418056 0.123438 0.406019 0.129948 0.403241 0.138802 0.390278
0 0.438021 0.53287 0.435677 0.531019 0.426302 0.528704 0.414062 0.522222 0.408333 0.521296 0.379948 0.522685 0.370312 0.526852 0.359115 0.529167 0.364844 0.532407 0.398958 0.53287 0.419531 0.537037 0.428385 0.537037 0.436198 0.534722
0 0.425 0.639352 0.421875 0.639352 0.416667 0.647222 0.411458 0.659259 0.410938 0.663426 0.411458 0.678704 0.414583 0.677315 0.415104 0.665741 0.420573 0.65463 0.42526 0.640278
0 0.705469 0.693056 0.706771 0.694444 0.713802 0.693981 0.729688 0.688426 0.744792 0.686111 0.751302 0.682407 0.751563 0.678704 0.740365 0.675463 0.727344 0.675463 0.716667 0.678241 0.70651 0.688426
