0 0.234635 0.438889 0.234896 0.441667 0.235937 0.442593 0.244792 0.443519 0.267188 0.449074 0.29375 0.45 0.31276 0.454167 0.328646 0.459722 0.338021 0.461111 0.355208 0.466204 0.370312 0.466667 0.382031 0.468519 0.388021 0.472222 0.39401 0.48287 0.397135 0.484722 0.397917 0.483796 0.397135 0.473611 0.397656 0.4625 0.396875 0.459722 0.394531 0.458333 0.389062 0.459722 0.382812 0.459259 0.375781 0.456019 0.369531 0.45463 0.361979 0.448611 0.352083 0.447685 0.335677 0.443519 0.308333 0.438889 0.27474 0.434722 0.260156 0.434722 0.255469 0.436574 0.239844 0.437037
0 0.451302 0.811111 0.45026 0.812963 0.449479 0.81713 0.449479 0.826852 0.450521 0.841204 0.453125 0.858796 0.45651 0.869444 0.460156 0.876852 0.469271 0.890278 0.473438 0.9 0.477083 0.90463 0.482552 0.908796 0.484635 0.911574 0.489583 0.924074 0.494531 0.931944 0.497917 0.935648 0.501563 0.935185 0.503385 0.92963 0.502865 0.923611 0.498177 0.90787 0.492448 0.893981 0.49401 0.886111 0.491146 0.869907 0.484635 0.844907 0.48099 0.835185 0.476823 0.826852 0.470313 0.81713 0.459896 0.810185 0.452604 0.810185
0 0.872396 0.564352 0.871615 0.567593 0.872396 0.57037 0.872917 0.578241 0.875781 0.588426 0.877865 0.593056 0.883594 0.6125 0.889062 0.625 0.890104 0.629167 0.890885 0.637037 0.89401 0.639352 0.895052 0.637037 0.895052 0.630093 0.89401 0.621759 0.892969 0.601852 0.888802 0.585185 0.888281 0.575926 0.8875 0.572222 0.884896 0.56713 0.882031 0.563889 0.875781 0.563426
0 0.720052 0.324537 0.723437 0.327778 0.722656 0.331481 0.726302 0.334722 0.742188 0.339815 0.755469 0.348611 0.76224 0.351852 0.790365 0.35787 0.818229 0.368519 0.840885 0.378704 0.845052 0.381481 0.85651 0.385648 0.873437 0.394907 0.895573 0.408796 0.914844 0.415278 0.919792 0.418981 0.928385 0.43287 0.931771 0.445833 0.935417 0.453241 0.938281 0.452778 0.936198 0.439352 0.935417 0.425463 0.933333 0.414352 0.93151 0.411111 0.928906 0.408333 0.921875 0.40787 0.917969 0.405556 0.901823 0.389815 0.888802 0.378704 0.872135 0.365741 0.85651 0.355556 0.836198 0.34537 0.826302 0.341667 0.807292 0.336111 0.793229 0.335648 0.789844 0.33287 0.784896 0.331019 0.767448 0.329167 0.751563 0.331481 0.730729 0.325926 0.727344 0.324074 0.721354 0.323611
0 0.696094 0.647222 0.698177 0.650926 0.703125 0.654167 0.721875 0.6625 0.734115 0.671759 0.747135 0.67963 0.751563 0.683796 0.756771 0.685648 0.765625 0.691204 0.767969 0.693519 0.76901 0.697222 0.772396 0.701389 0.773958 0.688889 0.772917 0.685648 0.76875 0.687037 0.754687 0.676852 0.749479 0.672222 0.740885 0.661111 0.726042 0.650463 0.710677 0.643981 0.699479 0.643056 0.697396 0.643981
0 0.872656 0.693056 0.871615 0.694907 0.871615 0.699537 0.86875 0.709722 0.86849 0.713426 0.870313 0.71713 0.870052 0.727315 0.871875 0.7375 0.873437 0.740278 0.876823 0.740741 0.878906 0.737963 0.88151 0.731944 0.883594 0.724537 0.883594 0.709722 0.879948 0.693519 0.876563 0.697222
0 0.469271 0.685185 0.470052 0.688889 0.471875 0.691204 0.473698 0.698611 0.473698 0.7125 0.471615 0.730093 0.469792 0.738889 0.46849 0.755556 0.464323 0.776852 0.461198 0.787037 0.458333 0.793519 0.451823 0.803704 0.451042 0.807407 0.452344 0.809722 0.459896 0.810185 0.466146 0.80787 0.47474 0.8 0.480469 0.793056 0.4875 0.788889 0.491927 0.787963 0.494271 0.791667 0.495833 0.800463 0.49974 0.8125 0.501823 0.821759 0.504687 0.831019 0.50651 0.834722 0.508594 0.843519 0.510677 0.848148 0.522396 0.887037 0.528906 0.898611 0.536198 0.905556 0.540365 0.90787 0.544792 0.908796 0.54974 0.908333 0.554427 0.90463 0.56224 0.894907 0.570052 0.890278 0.571615 0.8875 0.573177 0.881019 0.572135 0.866204 0.572656 0.862963 0.573958 0.860648 0.589063 0.859259 0.590104 0.858333 0.590104 0.855556 0.586198 0.854167 0.584635 0.852315 0.579427 0.850926 0.576823 0.848611 0.572135 0.847222 0.569531 0.843056 0.56875 0.839352 0.56849 0.826852 0.569271 0.818519 0.571094 0.809722 0.571094 0.796759 0.565365 0.786574 0.557552 0.768519 0.554427 0.763426 0.552604 0.758796 0.55026 0.743981 0.548177 0.7375 0.546354 0.734259 0.54401 0.732407 0.541667 0.732407 0.532031 0.7375 0.515104 0.75 0.500781 0.762037 0.498177 0.765741 0.494792 0.758333 0.486458 0.720833 0.480469 0.7 0.477344 0.693056 0.473958 0.688426 0.472396 0.687963 0.470313 0.683796
0 0.0216146 0.796296 0.0216146 0.802315 0.0236979 0.805093 0.0260417 0.813889 0.0213542 0.819907 0.0210938 0.821296 0.0221354 0.823148 0.0252604 0.825 0.0369792 0.827778 0.0380208 0.831481 0.0359375 0.835185 0.0330729 0.837963 0.0333333 0.840741 0.0341146 0.84213 0.0429688 0.843981 0.0484375 0.846296 0.0609375 0.856481 0.0651042 0.858333 0.0700521 0.858333 0.0752604 0.856481 0.0820312 0.850926 0.0859375 0.84537 0.0856771 0.836111 0.0838542 0.827315 0.0786458 0.814352 0.0752604 0.810185 0.0601563 0.8 0.0515625 0.79537 0.0401042 0.785648 0.0364583 0.785648 0.0354167 0.786574 0.0299479 0.797222 0.0260417 0.794907 0.0223958 0.794907
0 0.310937 0.591204 0.316406 0.594907 0.327083 0.599074 0.352865 0.60463 0.392448 0.619444 0.407292 0.623148 0.411458 0.625 0.418229 0.630556 0.419792 0.626852 0.419792 0.621759 0.41849 0.618519 0.411458 0.617593 0.404948 0.615278 0.388281 0.605556 0.369792 0.601852 0.342187 0.591204 0.336458 0.591204 0.328125 0.587963 0.311719 0.588426
0 0.70026 0.618981 0.702604 0.623148 0.708333 0.627315 0.720052 0.630093 0.729948 0.634259 0.751042 0.649074 0.766146 0.656944 0.76901 0.659722 0.770312 0.65787 0.769271 0.653704 0.764062 0.649537 0.755469 0.639352 0.747656 0.631944 0.73776 0.625 0.72474 0.619444 0.713542 0.616204 0.703125 0.616667
