0 0.559896 0.699074 0.556771 0.696759 0.55026 0.696759 0.546354 0.699074 0.54401 0.701852 0.542448 0.706019 0.542708 0.709259 0.54349 0.711111 0.546354 0.712963 0.553906 0.712963 0.557292 0.710648 0.558333 0.708796 0.559896 0.702778
0 0.629427 0.81713 0.629948 0.820833 0.634896 0.825926 0.638802 0.831944 0.640885 0.833333 0.645052 0.833796 0.647917 0.83287 0.649479 0.831481 0.650781 0.828241 0.65 0.824537 0.647396 0.818981 0.640885 0.813889 0.633333 0.813889
0 0.686719 0.758333 0.68724 0.761574 0.689323 0.765741 0.691927 0.768981 0.696094 0.771759 0.703385 0.772222 0.709375 0.769907 0.713724 0.772778 0.713776 0.767593 0.71599 0.763056 0.71151 0.761852 0.709896 0.751852 0.707292 0.748148 0.704167 0.746759 0.70026 0.746759 0.691667 0.749537 0.689323 0.752315
0 0.384896 0.775463 0.385156 0.779167 0.390104 0.7875 0.39349 0.789352 0.399479 0.789352 0.40651 0.786111 0.414583 0.777315 0.418229 0.78287 0.422083 0.783519 0.422682 0.763796 0.420833 0.764815 0.418229 0.766204 0.414844 0.771759 0.403906 0.762037 0.397656 0.759722 0.394792 0.759722 0.391146 0.761574 0.388281 0.765278
0 0.823438 0.903704 0.826302 0.90787 0.829948 0.909722 0.83125 0.912037 0.833333 0.918056 0.835938 0.931481 0.838281 0.936111 0.842708 0.938889 0.849219 0.938889 0.861198 0.93287 0.865104 0.926852 0.868229 0.924537 0.870573 0.918981 0.869792 0.911574 0.86875 0.90787 0.86276 0.897222 0.858594 0.892593 0.845833 0.8875 0.830729 0.8875 0.827865 0.888426 0.826042 0.89213 0.82526 0.900926
0 0.526563 0.690741 0.525521 0.688426 0.523177 0.687037 0.51901 0.686574 0.515365 0.687963 0.508594 0.696759 0.508073 0.699074 0.508333 0.702315 0.511458 0.706019 0.515625 0.706481 0.519792 0.70463 0.523177 0.700926 0.526302 0.69537
0 0.603906 0.744907 0.603646 0.748611 0.615885 0.759259 0.619792 0.758333 0.620052 0.753241 0.619531 0.749074 0.615885 0.74213 0.61276 0.740741 0.609375 0.740741 0.605729 0.742593
0 0.884115 0.764815 0.884115 0.768519 0.885677 0.772222 0.889844 0.777315 0.89401 0.77963 0.903385 0.780093 0.907552 0.778241 0.913333 0.780185 0.913281 0.776852 0.915495 0.770278 0.913021 0.769444 0.908333 0.768056 0.900521 0.759722 0.895052 0.757407 0.888542 0.758333 0.885417 0.761574
0 0.316667 0.775463 0.316667 0.779167 0.317448 0.782407 0.320052 0.786111 0.324219 0.787963 0.328646 0.7875 0.334115 0.784722 0.338542 0.784722 0.341406 0.78287 0.342187 0.771296 0.341927 0.768981 0.3375 0.768519 0.330469 0.764815 0.324219 0.763889 0.321354 0.765278 0.319271 0.767593
0 0.488802 0.716667 0.485156 0.712963 0.480729 0.713426 0.477344 0.715741 0.475 0.72037 0.474219 0.728241 0.475 0.73287 0.476562 0.734722 0.478646 0.734722 0.485156 0.731019 0.488802 0.724537
