0 0.958333 0.956157 0.949479 0.95787 0.945052 0.95787 0.939323 0.960185 0.934375 0.966204 0.933333 0.970833 0.934635 0.974074 0.939063 0.976852 0.942448 0.977778 0.946875 0.977315 0.948177 0.975463 0.9575 0.961528
0 0.104427 0.740278 0.10599 0.743981 0.107552 0.74537 0.11276 0.747222 0.121094 0.744907 0.12526 0.741204 0.123438 0.737963 0.116667 0.735648 0.109115 0.735648 0.105469 0.7375
0 0.870573 0.925463 0.871354 0.928704 0.872917 0.930093 0.876042 0.931019 0.880469 0.930556 0.8875 0.926389 0.889323 0.92037 0.888542 0.918519 0.884115 0.91713 0.876563 0.917593 0.872917 0.919907
0 0.494271 0.976852 0.494792 0.981019 0.498177 0.985185 0.501563 0.986574 0.515885 0.986574 0.518229 0.985648 0.51901 0.984259 0.516406 0.980556 0.504427 0.972222 0.497917 0.972222 0.495573 0.974074
0 0.689844 0.980556 0.685156 0.980093 0.67526 0.985185 0.669792 0.991667 0.668229 0.99537 0.667708 0.999537 0.68151 0.999537 0.681771 0.997685 0.686953 0.989769 0.689844 0.984259
0 0.681771 0.996296 0.681771 1 0.700859 1 0.704714 0.997176 0.70625 0.992593 0.700104 0.99287 0.692057 0.989583 0.685937 0.991667
0 0.636979 0.975926 0.633594 0.976389 0.630729 0.97963 0.623958 0.984259 0.622135 0.9875 0.621875 0.991667 0.623177 0.993519 0.626563 0.993981 0.631771 0.991204 0.636719 0.983796 0.63724 0.981019
0 0.591927 0.950926 0.588542 0.951852 0.585417 0.955556 0.578125 0.960185 0.577083 0.963426 0.576823 0.967593 0.573177 0.974537 0.573177 0.980556 0.57474 0.98287 0.578125 0.98287 0.586458 0.975 0.588802 0.97037 0.589583 0.965741 0.592187 0.960185 0.592448 0.952778
0 0.954688 0.910648 0.95651 0.914815 0.964063 0.920833 0.977344 0.925 0.978385 0.922685 0.978385 0.921296 0.975521 0.917593 0.964583 0.90787 0.961198 0.906944 0.95651 0.907407
0 0.860156 0.915278 0.859375 0.914352 0.855208 0.914352 0.848177 0.918056 0.845313 0.922222 0.844271 0.925463 0.844531 0.930093 0.845833 0.931944 0.848698 0.93287 0.852604 0.931481 0.85651 0.926389 0.860156 0.918519
0 0.591146 0.980556 0.588542 0.976852 0.583333 0.978704 0.579688 0.981944 0.574479 0.991204 0.573958 0.999537 0.582292 0.999537 0.582812 0.997222 0.584896 0.99537 0.589063 0.987963
0 0.432552 0.692593 0.428646 0.691204 0.425521 0.693981 0.424479 0.695833 0.423958 0.699074 0.42526 0.704167 0.428646 0.705093 0.432812 0.701389 0.433594 0.7 0.433594 0.696759
0 0.845573 0.960185 0.841927 0.959722 0.839063 0.9625 0.827083 0.966667 0.824479 0.968981 0.821875 0.973611 0.820833 0.976852 0.820833 0.980556 0.822917 0.984259 0.824479 0.985185 0.83125 0.984259 0.838021 0.977315 0.844792 0.966667 0.846094 0.962963
0 0.781771 0.960185 0.778906 0.958796 0.772656 0.9625 0.770052 0.966667 0.769792 0.970833 0.770312 0.972685 0.771875 0.974537 0.776042 0.974074 0.780729 0.964352
0 0.748177 0.912037 0.74349 0.911111 0.738542 0.913426 0.735938 0.916667 0.735156 0.922222 0.736198 0.925 0.7375 0.925926 0.740885 0.925463 0.744792 0.921759 0.748177 0.915741
0 0.535937 0.709722 0.536458 0.711111 0.539323 0.712963 0.549479 0.711574 0.560677 0.703704 0.561458 0.702315 0.561719 0.698611 0.560677 0.695833 0.54401 0.695833 0.539583 0.698611 0.536458 0.702778 0.535677 0.706019
0 0.0859375 0.552778 0.0859375 0.556944 0.0875 0.562037 0.0953125 0.571759 0.109115 0.581944 0.110677 0.578704 0.109375 0.574074 0.102865 0.5625 0.102344 0.560185 0.0976562 0.553704 0.0921875 0.55 0.0880208 0.55
0 0.540365 0.931944 0.539844 0.930556 0.533594 0.931944 0.526042 0.935648 0.522396 0.938889 0.51849 0.945833 0.518229 0.95 0.51901 0.952778 0.523698 0.953704 0.529427 0.949074 0.539583 0.935648
0 0.458854 0.807407 0.451562 0.806944 0.444792 0.809259 0.439844 0.815278 0.439063 0.81713 0.439063 0.821759 0.441667 0.823611 0.44375 0.823611 0.44974 0.820833 0.453646 0.817593 0.458854 0.810648
0 0.352083 0.618981 0.352344 0.623148 0.35599 0.628704 0.365625 0.633333 0.380208 0.633796 0.38151 0.633333 0.382552 0.630093 0.380469 0.626852 0.37526 0.622222 0.365885 0.615741 0.360417 0.614352 0.35599 0.614815 0.353906 0.616204
0 0.796094 0.865741 0.792969 0.863889 0.786198 0.866667 0.783854 0.869444 0.782552 0.872685 0.782031 0.876389 0.782813 0.880556 0.785156 0.882407 0.78724 0.882407 0.788802 0.881019 0.795312 0.869444
0 0.359115 0.824074 0.360417 0.828241 0.36276 0.830556 0.365365 0.831481 0.373437 0.831019 0.384635 0.824537 0.383333 0.820833 0.370052 0.815278 0.366146 0.815278 0.363542 0.81713 0.360156 0.820833
0 0.197135 0.636111 0.196354 0.639815 0.196875 0.643519 0.199219 0.648148 0.204427 0.654167 0.213281 0.661111 0.222656 0.665741 0.227344 0.669907 0.229167 0.668056 0.229167 0.664815 0.227344 0.660648 0.219792 0.647222 0.214583 0.640278 0.209635 0.635648 0.205208 0.633333 0.198958 0.633796
0 0.827604 0.803704 0.827865 0.807407 0.829948 0.810648 0.839323 0.813426 0.84375 0.812963 0.845313 0.811574 0.845313 0.809722 0.84401 0.806944 0.838281 0.802315 0.83125 0.800926 0.828385 0.802315
0 0.380469 0.869444 0.380469 0.872685 0.381771 0.875 0.385417 0.876852 0.391406 0.876852 0.401302 0.873148 0.40026 0.869444 0.392448 0.864815 0.386719 0.864352 0.383594 0.865278
0 0.694792 0.911574 0.689583 0.911111 0.685417 0.912963 0.682292 0.915741 0.678906 0.921759 0.678646 0.925463 0.679167 0.927778 0.68151 0.92963 0.686198 0.927778 0.689583 0.923611 0.694792 0.914815
0 0.785937 0.978241 0.786198 0.980556 0.789844 0.984259 0.798958 0.984259 0.811198 0.977315 0.811458 0.973611 0.807031 0.969907 0.797135 0.967593 0.792969 0.968056 0.789583 0.969907 0.786198 0.975926
0 0.0916667 0.594907 0.0919271 0.601389 0.0945312 0.606019 0.102083 0.6125 0.11276 0.616204 0.125781 0.618519 0.139583 0.617593 0.14401 0.618981 0.146615 0.618056 0.147396 0.615278 0.148958 0.613426 0.152083 0.6125 0.150521 0.609259 0.144792 0.608333 0.138542 0.605556 0.128385 0.59537 0.117969 0.588426 0.11276 0.586111 0.105469 0.585648 0.0989583 0.587037 0.0932292 0.591667
0 0.949219 0.940741 0.949219 0.956019 0.950781 0.960185 0.953125 0.962037 0.951823 0.965741 0.951562 0.968981 0.946875 0.975926 0.951562 0.97963 0.960417 0.98287 0.967187 0.983333 0.973958 0.980093 0.978385 0.975 0.985938 0.978704 0.989323 0.978241 0.990365 0.977315 0.990625 0.973611 0.992188 0.970833 1 0.969907 1 0.959259 0.998177 0.959259 0.995573 0.954167 0.990625 0.947222 0.989323 0.940741 0.986458 0.931944 0.983333 0.933333 0.982812 0.934259 0.982552 0.941204 0.98099 0.943056 0.978646 0.943981 0.972135 0.931019 0.969792 0.92963 0.965365 0.92963 0.95625 0.932407 0.951042 0.936574
0 0.734115 0.912963 0.730729 0.9125 0.729948 0.914352 0.722135 0.921759 0.719792 0.925926 0.717969 0.931944 0.71849 0.937037 0.720052 0.939352 0.723958 0.938889 0.726823 0.935648 0.728646 0.932407 0.733333 0.918981
0 0.555469 0.968981 0.557292 0.973611 0.558854 0.974537 0.571354 0.975463 0.57526 0.971296 0.582578 0.969306 0.584401 0.965741 0.576302 0.959722 0.567969 0.956944 0.563281 0.957407 0.557813 0.960185 0.55599 0.963426
0 0.895833 0.953241 0.892188 0.950926 0.886198 0.951852 0.882031 0.956481 0.880729 0.963426 0.882812 0.96713 0.8875 0.96713 0.89375 0.960648
0 0.888281 0.94537 0.886979 0.942593 0.884115 0.94213 0.877344 0.943981 0.87474 0.945833 0.872396 0.949074 0.871094 0.952778 0.871094 0.955556 0.872917 0.958796 0.876823 0.959722 0.880469 0.957407 0.885417 0.951389
0 0.222135 0.803704 0.221354 0.806481 0.221875 0.810648 0.233594 0.825463 0.241406 0.828704 0.248177 0.833333 0.251823 0.833796 0.252604 0.831019 0.251563 0.827778 0.246875 0.820833 0.241667 0.809722 0.238021 0.803704 0.23151 0.800463 0.226823 0.800463 0.223438 0.801852
