0 0.0528646 0.350463 0.0544271 0.354167 0.0580729 0.35787 0.0606771 0.358333 0.0643229 0.361111 0.0677083 0.360648 0.0684896 0.358796 0.0682292 0.356944 0.0619792 0.350463 0.0572917 0.348148 0.0541667 0.348611
0 0.14737 0.329537 0.1475 0.333009 0.152865 0.337963 0.158073 0.34213 0.159531 0.343009 0.161198 0.343981 0.163281 0.343981 0.163021 0.336574 0.161016 0.334028 0.158333 0.330556 0.151302 0.32963
0 0.125781 0.26713 0.127344 0.274074 0.131771 0.281481 0.134635 0.284722 0.1375 0.284259 0.138542 0.28287 0.138802 0.281019 0.136979 0.276389 0.13099 0.268056 0.127865 0.266204
0 0.0986979 0.293519 0.0984375 0.29537 0.101042 0.297685 0.107292 0.308796 0.110937 0.311574 0.113802 0.311574 0.115104 0.310185 0.115104 0.308333 0.113021 0.301852 0.109896 0.298148 0.103646 0.293056 0.0994792 0.29213
0 0.191667 0.336574 0.192448 0.340278 0.194792 0.34213 0.202083 0.343519 0.203646 0.342593 0.204427 0.339815 0.204427 0.336574 0.197396 0.33287
0 0.00651042 0.315741 0.00989583 0.323148 0.0143229 0.324074 0.0174479 0.326389 0.0213542 0.327315 0.0229167 0.325463 0.0234375 0.323148 0.0210938 0.319907 0.0138021 0.315741
0 0.226042 0.461111 0.226042 0.4625 0.227604 0.465278 0.23125 0.46713 0.232552 0.468981 0.236198 0.470833 0.238802 0.468981 0.234375 0.461574 0.228646 0.459259
0 0.191276 0.321389 0.196354 0.331944 0.201042 0.335185 0.201823 0.334722 0.202604 0.32963 0.201302 0.326852 0.199219 0.325463 0.197656 0.322685
0 0.211198 0.447685 0.211458 0.45 0.21276 0.452315 0.221615 0.455093 0.22474 0.455093 0.22474 0.453704 0.223698 0.451852 0.223438 0.447685 0.220833 0.446296 0.2125 0.446296
0 0.252604 0.39213 0.255729 0.395833 0.260677 0.399537 0.265365 0.399537 0.263802 0.392593 0.260417 0.389815 0.255469 0.388426 0.253646 0.389815
