0 0.39974 0.262037 0.397396 0.258333 0.390104 0.257407 0.38099 0.261574 0.374219 0.266204 0.369531 0.26713 0.360156 0.272222 0.359115 0.275926 0.356771 0.280093 0.341927 0.294907 0.329427 0.312037 0.327083 0.313889 0.323177 0.320833 0.323177 0.323611 0.322135 0.327778 0.323698 0.32963 0.328385 0.329167 0.334115 0.325926 0.343229 0.324537 0.354427 0.317593 0.369792 0.306019 0.380729 0.296296 0.39401 0.27963 0.397656 0.272222 0.399479 0.265741
0 0.265625 0.680556 0.265365 0.68287 0.26901 0.685648 0.270573 0.688426 0.271354 0.692593 0.274219 0.699074 0.279687 0.706019 0.283073 0.708333 0.290365 0.708333 0.292708 0.706019 0.29349 0.702778 0.29349 0.695833 0.291146 0.685648 0.286458 0.678704 0.276302 0.671759 0.272396 0.67037 0.269271 0.673148 0.26849 0.675926
0 0.783333 0.581019 0.788281 0.584722 0.803646 0.590278 0.823177 0.593056 0.832292 0.595833 0.842708 0.596759 0.852604 0.599074 0.861719 0.602778 0.884375 0.606019 0.889844 0.605093 0.889844 0.602315 0.886458 0.599074 0.870833 0.593519 0.851823 0.583796 0.842187 0.581019 0.801562 0.578241 0.786979 0.578241
0 0.552865 0.560648 0.552865 0.563889 0.564844 0.571296 0.580208 0.578241 0.58724 0.580093 0.609635 0.590278 0.620052 0.596296 0.627865 0.599074 0.635938 0.600463 0.640365 0.6 0.641146 0.598611 0.638802 0.594907 0.629427 0.591204 0.620573 0.586111 0.615104 0.581481 0.601823 0.574074 0.573698 0.563889 0.568229 0.563426 0.55651 0.560185
0 0.381771 0.796759 0.380208 0.791204 0.37474 0.782407 0.370833 0.778241 0.365365 0.776852 0.359115 0.778241 0.351042 0.784259 0.347917 0.784722 0.345313 0.783796 0.345313 0.791667 0.341927 0.797685 0.341667 0.800463 0.348438 0.795833 0.34974 0.795833 0.363542 0.802778 0.377604 0.804167 0.380729 0.802778 0.381771 0.800463
0 0.186719 0.286111 0.186198 0.293056 0.188802 0.306944 0.189062 0.313889 0.191406 0.31713 0.214062 0.328704 0.230729 0.334259 0.238021 0.335185 0.248177 0.334259 0.251563 0.331019 0.251563 0.327315 0.250781 0.324537 0.245052 0.31713 0.230729 0.305093 0.215365 0.296759 0.194271 0.288426 0.189323 0.284722
0 0.269271 0.734722 0.267708 0.740741 0.266146 0.760185 0.264323 0.769444 0.264583 0.774537 0.266146 0.781944 0.26875 0.7875 0.271094 0.786111 0.272396 0.783796 0.274479 0.775463 0.27474 0.77037 0.273958 0.748148 0.271094 0.737963
0 0.103385 0.181944 0.105208 0.193056 0.10651 0.206944 0.108073 0.2125 0.107552 0.216667 0.109115 0.219907 0.117188 0.221296 0.122135 0.225 0.12526 0.228704 0.128646 0.234259 0.129948 0.238426 0.129688 0.242593 0.127865 0.244444 0.136979 0.247685 0.141927 0.252315 0.155208 0.271296 0.166406 0.290741 0.171094 0.300463 0.178385 0.310185 0.182292 0.313426 0.186198 0.313426 0.188281 0.310648 0.188281 0.306019 0.186719 0.294907 0.18724 0.286111 0.185156 0.283796 0.183594 0.280093 0.183854 0.272222 0.183073 0.269444 0.164844 0.2375 0.152604 0.222222 0.145052 0.215278 0.126823 0.207407 0.120833 0.203704 0.115365 0.197685 0.108594 0.187037 0.105729 0.181019
0 0 0.110185 0 0.168056 0.00182292 0.168056 0.00416667 0.171296 0.00989583 0.176389 0.0309896 0.213426 0.0536458 0.24213 0.0609375 0.249074 0.0708333 0.256481 0.0744792 0.257407 0.078125 0.255556 0.0783854 0.250463 0.0773438 0.24537 0.0734375 0.233796 0.0648438 0.212963 0.0442708 0.177315 0.0296875 0.156019 0.0229167 0.147222 0.0135417 0.138889 0.00390625 0.128704 0.00182292 0.123611 0.00182292 0.110648
0 0.446094 0.0550926 0.443229 0.0569444 0.442188 0.0601852 0.442969 0.0842593 0.447656 0.112037 0.45 0.134259 0.452604 0.143056 0.45599 0.159722 0.455469 0.16713 0.455729 0.176389 0.453646 0.181944 0.453906 0.186574 0.452344 0.192593 0.452344 0.195833 0.453125 0.196759 0.45651 0.194907 0.458333 0.188426 0.460156 0.185648 0.461458 0.180093 0.463802 0.175 0.464583 0.17037 0.464583 0.160185 0.465104 0.158333 0.466146 0.134259 0.463021 0.102315 0.458073 0.0773148 0.453125 0.0611111 0.44974 0.0569444
0 0.126562 0.166667 0.125 0.173611 0.119531 0.188426 0.117969 0.195833 0.118229 0.2 0.125 0.206481 0.14375 0.214815 0.152083 0.221759 0.164323 0.237037 0.184635 0.271296 0.186198 0.272685 0.192708 0.273611 0.196094 0.272222 0.197656 0.269444 0.197656 0.264815 0.196875 0.262037 0.19401 0.256944 0.192448 0.252315 0.182292 0.235185 0.177604 0.22963 0.172656 0.220833 0.168229 0.210185 0.164323 0.20787 0.159375 0.201389 0.154688 0.200463 0.15026 0.197685 0.14349 0.191204 0.140625 0.189815 0.135156 0.190741 0.13125 0.188889 0.130208 0.186574 0.129167 0.17037 0.128125 0.167593
0 0.23099 0.336574 0.230729 0.343056 0.229687 0.349074 0.223958 0.362963 0.222656 0.37037 0.219792 0.380093 0.216146 0.387037 0.215365 0.390741 0.215365 0.39537 0.216927 0.400926 0.220573 0.403241 0.228125 0.403704 0.229427 0.40463 0.230729 0.407407 0.234115 0.408333 0.234115 0.407407 0.232813 0.406944 0.232292 0.405556 0.232552 0.400926 0.241146 0.384722 0.242448 0.376389 0.242448 0.369444 0.241146 0.360185 0.235677 0.348611 0.234375 0.337037
