0 0.0158854 0.00833333 0.0174479 0.012037 0.0242188 0.0157407 0.0375 0.0152778 0.0380208 0.0125 0.0330729 0.00555556 0.0273438 0.00277778 0.01875 0.00416667 0.0174479 0.00509259
0 0.971094 0.0916667 0.96849 0.0865741 0.966927 0.0791667 0.961979 0.0708333 0.956771 0.0662037 0.952865 0.0643519 0.94401 0.0648148 0.939063 0.0671296 0.929167 0.074537 0.927865 0.0782407 0.927865 0.0847222 0.924479 0.0893519 0.922396 0.0967593 0.916667 0.105556 0.919792 0.106019 0.925521 0.10463 0.929688 0.109259 0.9375 0.112963 0.947656 0.114815 0.954948 0.114352 0.958333 0.112963 0.964063 0.10787 0.969792 0.0972222
0 0.815365 0.025463 0.813802 0.025 0.810937 0.0277778 0.804948 0.037963 0.801562 0.0416667 0.798698 0.0430556 0.796615 0.0462963 0.796094 0.0546296 0.796615 0.0569444 0.798958 0.0606481 0.798958 0.0675926 0.80026 0.0689815 0.803385 0.0680556 0.80625 0.0648148 0.811979 0.0634259 0.813542 0.0611111 0.810937 0.0527778 0.811979 0.0476852 0.814063 0.0430556 0.814844 0.0393519 0.815885 0.0291667
0 0.0674479 0.265741 0.0661458 0.268981 0.06875 0.277315 0.0708333 0.289352 0.0744792 0.297222 0.078125 0.298611 0.0791667 0.296759 0.0789062 0.29213 0.0757812 0.279167 0.071875 0.270833
0 0.0552083 0.198611 0.0567708 0.201852 0.0625 0.206944 0.0674479 0.218056 0.0710937 0.219444 0.0739583 0.21713 0.0739583 0.212963 0.0716146 0.206019 0.0677083 0.200926 0.05625 0.197222
0 0.117708 0.150463 0.119792 0.15463 0.123177 0.158796 0.129948 0.164815 0.133594 0.166667 0.136979 0.166667 0.138021 0.164352 0.138021 0.161111 0.136719 0.157407 0.129948 0.150463 0.120313 0.147222 0.11901 0.147685
0 0.71224 0.938889 0.715625 0.947685 0.715625 0.952778 0.714583 0.956481 0.715104 0.960185 0.716146 0.9625 0.721615 0.97037 0.735417 0.986574 0.741406 0.996296 0.743229 0.997685 0.74349 0.999537 0.785937 0.999537 0.785937 0.998148 0.782292 0.991667 0.780729 0.987037 0.776042 0.981019 0.769271 0.975 0.761458 0.969907 0.753906 0.966667 0.74401 0.966204 0.71901 0.941204 0.713802 0.938426
0 0.0895833 0.224074 0.0888021 0.227315 0.0898438 0.230556 0.0919271 0.233333 0.102344 0.240278 0.104427 0.237963 0.102865 0.231481 0.096875 0.223148 0.0945312 0.221759 0.0914062 0.222222
0 0.118229 0.237963 0.119531 0.241667 0.120833 0.242593 0.123438 0.247222 0.126562 0.25 0.134375 0.252778 0.138021 0.252778 0.139583 0.250926 0.140104 0.248611 0.139063 0.2375 0.13724 0.234722 0.133594 0.231944 0.130208 0.231481 0.121615 0.234259 0.119531 0.235648
0 0 0.171296 0 0.180556 0.0182292 0.181481 0.0203125 0.180556 0.0213542 0.178704 0.0203125 0.175463 0.0130208 0.171296
0 0.154167 0.166667 0.153385 0.168056 0.153906 0.170833 0.156771 0.178241 0.158594 0.185648 0.161198 0.189815 0.163802 0.188889 0.164844 0.187037 0.164844 0.181481 0.164062 0.179167 0.158333 0.169444
0 0 0.293981 0 0.299537 0.00260417 0.300463 0.00911458 0.308796 0.0117188 0.310648 0.015625 0.310648 0.0161458 0.309722 0.0164063 0.306944 0.0145833 0.300463 0.0119792 0.296296 0.00494792 0.293519
0 0.213802 0.616204 0.209896 0.60787 0.207813 0.595833 0.20625 0.594444 0.203125 0.600926 0.20026 0.610648 0.196094 0.618056 0.166667 0.619444 0.157812 0.622685 0.152865 0.625926 0.146354 0.63287 0.138021 0.650926 0.138021 0.658796 0.133854 0.671296 0.134115 0.674537 0.136979 0.677315 0.149479 0.680556 0.157812 0.679167 0.16224 0.676389 0.175781 0.665278 0.185156 0.654167 0.198177 0.626852 0.202344 0.624074 0.211198 0.623148 0.214062 0.619444
0 0.811458 0.137037 0.813542 0.140741 0.824219 0.151389 0.834115 0.155556 0.841146 0.155556 0.842969 0.15463 0.845052 0.150463 0.846615 0.149074 0.856771 0.143981 0.859635 0.140278 0.857812 0.137037 0.857031 0.133333 0.861458 0.126852 0.867448 0.125463 0.869271 0.124074 0.869792 0.122222 0.867708 0.117593 0.866927 0.1125 0.864062 0.114815 0.858854 0.116667 0.853906 0.109722 0.854167 0.105093 0.853125 0.103704 0.844271 0.101852 0.838021 0.101852 0.83099 0.105556 0.823438 0.1125 0.817187 0.122222 0.811979 0.133796
0 0.105469 0.0875 0.10599 0.0916667 0.108854 0.0962963 0.11276 0.100463 0.119531 0.106019 0.123438 0.106944 0.125 0.105556 0.125781 0.102315 0.125 0.0986111 0.120573 0.0921296 0.115104 0.0884259 0.110156 0.0865741 0.10599 0.0865741
0 0.0734375 0.257407 0.0742188 0.259722 0.0776042 0.261574 0.0867187 0.262963 0.0908854 0.262037 0.0903646 0.258796 0.0882813 0.255556 0.0815104 0.252778 0.0744792 0.254167
0 0.209635 0.641667 0.210156 0.644907 0.217969 0.645833 0.21901 0.647222 0.216927 0.655556 0.217188 0.65787 0.220312 0.6625 0.226562 0.665741 0.233594 0.664815 0.236979 0.665741 0.238021 0.668056 0.236719 0.671296 0.236198 0.674537 0.236719 0.675463 0.240365 0.675 0.247656 0.67037 0.253125 0.668519 0.260937 0.661111 0.261979 0.658333 0.261979 0.654167 0.260417 0.646759 0.258854 0.64213 0.255208 0.635648 0.253646 0.630093 0.252344 0.628241 0.248177 0.625463 0.227604 0.618056 0.224219 0.618981 0.223438 0.621759 0.221094 0.625 0.220312 0.625 0.216927 0.617593 0.215104 0.619444 0.214844 0.62963 0.213021 0.634722 0.209896 0.639815
