0 0.373177 0.902315 0.369792 0.901852 0.36901 0.903704 0.36276 0.90787 0.359115 0.911574 0.355469 0.919907 0.352344 0.931944 0.352083 0.936111 0.35599 0.9375 0.359115 0.935648 0.361458 0.932407 0.366406 0.922222 0.370052 0.911574 0.372656 0.907407 0.373437 0.904167
0 0.28776 0.841204 0.285938 0.839352 0.276042 0.841667 0.272396 0.846296 0.270573 0.851852 0.270313 0.855556 0.272656 0.859259 0.275781 0.860185 0.279167 0.859722 0.282552 0.856019 0.286458 0.849537 0.28776 0.844907
0 0.380729 0.831019 0.382812 0.841667 0.385677 0.848611 0.392188 0.855556 0.397135 0.858333 0.401042 0.858333 0.405729 0.853241 0.407813 0.848611 0.409115 0.841667 0.409115 0.838426 0.407552 0.835185 0.405729 0.833796 0.401302 0.827315 0.397917 0.825 0.392969 0.824537 0.390625 0.825463 0.386979 0.82963
0 0.259115 0.900926 0.260156 0.904167 0.261979 0.906019 0.265365 0.907407 0.269271 0.906944 0.278125 0.900463 0.280729 0.897222 0.28151 0.893981 0.279427 0.89213 0.276042 0.89213 0.271615 0.889815 0.265885 0.889815 0.261458 0.892593 0.259115 0.897222
0 0.315104 0.851852 0.314323 0.85 0.311719 0.848611 0.305208 0.847685 0.300521 0.848611 0.296354 0.851852 0.29375 0.856019 0.291927 0.863426 0.291927 0.866204 0.293229 0.868519 0.295573 0.869444 0.298698 0.869444 0.303646 0.867593 0.308333 0.863426 0.314063 0.855556
0 0.31849 0.928704 0.320052 0.931944 0.325521 0.935185 0.328385 0.935185 0.34401 0.928241 0.345313 0.923611 0.34974 0.918519 0.350521 0.914352 0.348958 0.911574 0.345052 0.912963 0.338281 0.909722 0.33125 0.909259 0.327865 0.910185 0.324219 0.913426 0.320312 0.919907 0.31849 0.925463
0 0.475781 0.789352 0.476562 0.793519 0.478385 0.796759 0.484115 0.802778 0.486719 0.803704 0.489844 0.802778 0.492188 0.799537 0.492708 0.797222 0.492188 0.790741 0.491146 0.788426 0.488542 0.786111 0.479948 0.785648 0.477083 0.786574
0 0.519531 0.247685 0.51875 0.248148 0.515365 0.260648 0.510156 0.268519 0.505729 0.281019 0.504687 0.29537 0.501563 0.308796 0.498958 0.328704 0.496354 0.339352 0.493229 0.346296 0.489063 0.350463 0.488281 0.352315 0.488021 0.356481 0.489323 0.365741 0.489323 0.375 0.488672 0.376713 0.48776 0.380556 0.48987 0.376713 0.491146 0.375463 0.491667 0.365741 0.492969 0.361111 0.501823 0.346759 0.504948 0.340278 0.509635 0.319907 0.5125 0.301389 0.515625 0.290278 0.51875 0.273611 0.519271 0.258796 0.520573 0.251389
0 0.324479 0.890278 0.323177 0.888889 0.320833 0.888426 0.317708 0.892593 0.310677 0.898148 0.307812 0.902778 0.305208 0.905093 0.299479 0.918981 0.298698 0.923148 0.299219 0.927315 0.30026 0.928704 0.304167 0.929167 0.306771 0.927778 0.310417 0.923611 0.314063 0.916667 0.317969 0.905556 0.321354 0.900463 0.323958 0.893519
0 0.518229 0.761574 0.515365 0.772685 0.515365 0.776389 0.517708 0.779167 0.523177 0.780556 0.526042 0.779167 0.528125 0.772685 0.527604 0.765741 0.525781 0.7625 0.522917 0.760648
0 0.30026 0.891667 0.297656 0.893981 0.296354 0.900926 0.296354 0.908333 0.296875 0.910648 0.3 0.912037 0.301823 0.908333 0.302865 0.901389 0.302344 0.89537
0 0.456458 0.825417 0.45026 0.820833 0.446094 0.819444 0.440104 0.819444 0.435417 0.822222 0.427083 0.834259 0.420833 0.841204 0.418333 0.84213 0.41901 0.851852 0.421615 0.864352 0.424479 0.862963 0.425781 0.856944 0.428385 0.854167 0.43125 0.855093 0.439323 0.854167 0.442708 0.852315 0.44974 0.845833 0.453125 0.837963 0.455755 0.830787
0 0.365104 0.945833 0.363281 0.944907 0.35625 0.94537 0.350781 0.948611 0.345313 0.954167 0.340885 0.962963 0.340365 0.966667 0.341927 0.969907 0.344531 0.970833 0.348958 0.97037 0.352344 0.968056 0.357031 0.963426 0.361458 0.956944 0.365104 0.949537
