0 0.0580729 0.428241 0.0601563 0.43287 0.0671875 0.438889 0.0705729 0.440278 0.0744792 0.439352 0.0731771 0.435648 0.06875 0.429167 0.0617188 0.426852 0.0596354 0.426852
0 0.152604 0.490741 0.154427 0.496296 0.157812 0.501389 0.161198 0.504167 0.163542 0.501852 0.16224 0.496759 0.158333 0.490741 0.155208 0.488889 0.153906 0.488889
0 0.342969 0.570833 0.342969 0.574074 0.344271 0.577315 0.348958 0.583333 0.352344 0.586111 0.355729 0.585648 0.351042 0.575 0.348438 0.570833 0.345833 0.568981
0 0.231771 0.486111 0.23125 0.487037 0.231771 0.49213 0.234115 0.500463 0.23724 0.504167 0.238802 0.503704 0.239583 0.500926 0.23776 0.491204 0.234115 0.485185
0 0.285156 0.541667 0.284896 0.539352 0.283594 0.536574 0.28099 0.536111 0.275781 0.537963 0.274219 0.540278 0.273698 0.543056 0.276042 0.544907 0.283073 0.54537 0.284375 0.544444
0 0.0919271 0.525463 0.0919271 0.529167 0.0932292 0.531481 0.0992187 0.534722 0.103646 0.536111 0.109115 0.536111 0.110677 0.53287 0.109115 0.52963 0.0984375 0.527315 0.0955729 0.525463
0 0.289844 0.583333 0.289062 0.586111 0.289583 0.591667 0.291406 0.593056 0.293385 0.594583 0.294531 0.591204 0.293229 0.585185
0 0.230469 0.581944 0.228385 0.584722 0.228646 0.591204 0.232552 0.606481 0.234375 0.609259 0.236198 0.605556 0.235677 0.59213 0.233854 0.585185
0 0.101562 0.452778 0.101823 0.456481 0.109896 0.460648 0.116667 0.461574 0.11901 0.460185 0.119531 0.458796 0.119271 0.456019 0.116146 0.453704 0.10625 0.452315
0 0.380208 0.826852 0.379688 0.827778 0.379948 0.831944 0.38151 0.8375 0.383594 0.839815 0.386719 0.839352 0.386719 0.834722 0.384896 0.829167 0.383594 0.827315
0 0.175 0.494444 0.174219 0.498148 0.175781 0.501852 0.182031 0.50787 0.185677 0.509722 0.186458 0.505093 0.184115 0.498148 0.179167 0.494444
0 0.314063 0.581019 0.314323 0.593519 0.317448 0.593519 0.31901 0.588426 0.31901 0.584722 0.317448 0.580556
0 0.279948 0.702778 0.280729 0.706019 0.286458 0.712963 0.289583 0.7125 0.289844 0.708796 0.286979 0.702315 0.282031 0.700463
0 0.192708 0.716667 0.190625 0.724537 0.190625 0.731481 0.191406 0.735185 0.196094 0.742593 0.198958 0.744907 0.203385 0.744907 0.20625 0.742593 0.207031 0.741204 0.207552 0.735648 0.20625 0.729167 0.203646 0.723611 0.196094 0.715741
0 0.0494792 0.413426 0.0565104 0.416667 0.0635417 0.413426 0.0617188 0.409259 0.0570312 0.406944 0.0513021 0.40787 0.0502604 0.409259
0 0.380208 0.841667 0.379948 0.844907 0.381771 0.849074 0.386979 0.856019 0.388542 0.855093 0.388802 0.851389 0.386979 0.843056 0.385156 0.839815 0.383073 0.838889
0 0.383073 0.678241 0.382812 0.682407 0.384896 0.6875 0.386979 0.689815 0.390625 0.689815 0.390885 0.688889 0.389323 0.68287 0.386979 0.678704 0.383854 0.677315
0 0.34349 0.789352 0.343229 0.793056 0.345313 0.801389 0.348698 0.803241 0.349219 0.795833 0.347656 0.789815 0.346094 0.788889
0 0.351302 0.661111 0.352344 0.666204 0.354687 0.668519 0.359115 0.669907 0.359896 0.668519 0.358854 0.664352 0.35599 0.660185 0.352344 0.659722
0 0.321094 0.694444 0.321094 0.696759 0.324479 0.700926 0.332031 0.702778 0.333333 0.700463 0.333333 0.699074 0.33151 0.69537 0.327865 0.69213 0.323698 0.691204 0.321615 0.692593
0 0.208594 0.549537 0.208594 0.553241 0.209635 0.556944 0.21224 0.561111 0.216667 0.564815 0.21875 0.563889 0.21875 0.557407 0.216406 0.552315 0.213542 0.549074 0.210417 0.547685
