0 0.234115 0.695833 0.233594 0.702315 0.232552 0.706019 0.232292 0.713426 0.233594 0.717593 0.238281 0.723611 0.243229 0.727778 0.246875 0.729167 0.253646 0.727778 0.257812 0.723611 0.258594 0.720833 0.258073 0.710648 0.255469 0.702315 0.253125 0.699074 0.247917 0.694907 0.241146 0.692593 0.23724 0.692593
0 0.615885 0.664815 0.616146 0.676852 0.617708 0.678704 0.621094 0.680093 0.630729 0.693056 0.635156 0.696759 0.639062 0.698148 0.64401 0.697685 0.645312 0.695833 0.645833 0.69213 0.644792 0.681944 0.641927 0.675463 0.6375 0.668519 0.633854 0.665741 0.630469 0.664815 0.626302 0.665278 0.623437 0.667593 0.619609 0.665787 0.616276 0.660833
0 0.449479 0.733333 0.448958 0.734259 0.448958 0.742593 0.449479 0.744907 0.454948 0.753704 0.45599 0.761574 0.458073 0.768981 0.459896 0.773148 0.463281 0.777778 0.46901 0.78287 0.473698 0.78287 0.476823 0.77963 0.478906 0.774074 0.482031 0.768981 0.482031 0.762037 0.478385 0.740741 0.474479 0.733333 0.467187 0.729167 0.459375 0.730093 0.452865 0.735648
0 0.473177 0.865741 0.473177 0.873148 0.474479 0.875463 0.480729 0.877315 0.491406 0.877315 0.494792 0.878704 0.498177 0.881944 0.50026 0.880093 0.502083 0.876852 0.504687 0.868981 0.505729 0.861574 0.505729 0.856944 0.504687 0.853241 0.500521 0.850463 0.495052 0.842593 0.491927 0.840741 0.4875 0.840741 0.483333 0.843981 0.477604 0.852315
0 0.532292 0.793519 0.532292 0.801389 0.534115 0.809259 0.540625 0.821759 0.548438 0.828241 0.551562 0.829167 0.55625 0.827778 0.560339 0.826852 0.558073 0.818981 0.558255 0.816204 0.558073 0.810648 0.558854 0.799537 0.558073 0.796759 0.55651 0.795833 0.554427 0.792593 0.545312 0.787963 0.541146 0.787963 0.536979 0.791667 0.533073 0.79213
0 0.435677 0.775463 0.434375 0.766667 0.432031 0.758796 0.428385 0.752778 0.424479 0.75 0.416667 0.753241 0.4125 0.750926 0.407813 0.750926 0.404427 0.752315 0.401536 0.753056 0.399479 0.754167 0.397135 0.756019 0.392448 0.75463 0.390365 0.758333 0.389062 0.766204 0.389062 0.773611 0.392708 0.774074 0.396354 0.771759 0.40625 0.786574 0.408073 0.788426 0.413281 0.790741 0.415885 0.793981 0.41875 0.795833 0.421354 0.79537 0.43151 0.786111 0.435156 0.781481
0 0.321354 0.724074 0.321615 0.727315 0.323177 0.731019 0.328646 0.736574 0.334115 0.74537 0.341406 0.752315 0.344531 0.753704 0.348438 0.752778 0.35 0.750463 0.351823 0.743981 0.352083 0.736111 0.351302 0.730556 0.348958 0.724074 0.345573 0.719444 0.341146 0.716667 0.330729 0.714352 0.326042 0.716667
0 0.608073 0.689352 0.606771 0.697222 0.606042 0.701806 0.608724 0.702176 0.611276 0.703102 0.615365 0.714352 0.619792 0.72037 0.623177 0.723611 0.625781 0.724537 0.630729 0.724074 0.633854 0.72037 0.634375 0.71713 0.633854 0.702778 0.627865 0.691667 0.623437 0.688426 0.619792 0.6875 0.611745 0.69162 0.608255 0.684398
0 0.16875 0.678704 0.171615 0.681481 0.176042 0.682407 0.181771 0.690278 0.194531 0.703704 0.20651 0.710185 0.209896 0.711111 0.221094 0.710648 0.230469 0.706481 0.232031 0.705093 0.233594 0.700926 0.233594 0.69537 0.232292 0.688889 0.226823 0.677315 0.220312 0.669907 0.210417 0.664352 0.196615 0.661111 0.182031 0.659722 0.176563 0.656944 0.17526 0.655093 0.173698 0.668056
0 0.474844 0.806343 0.476562 0.816667 0.476302 0.824815 0.482292 0.817593 0.483073 0.820833 0.484896 0.823148 0.489844 0.825463 0.494792 0.825926 0.502083 0.822222 0.504167 0.81713 0.50651 0.807407 0.508021 0.79713 0.50599 0.793981 0.501563 0.79213 0.492266 0.790602 0.482552 0.801852 0.482292 0.805093 0.48125 0.807407
0 0.485677 0.715741 0.484115 0.719444 0.483594 0.726852 0.488021 0.729167 0.491406 0.732407 0.496875 0.744907 0.501042 0.750463 0.505208 0.75 0.508854 0.743056 0.510417 0.735648 0.510417 0.726852 0.508594 0.715741 0.504948 0.708333 0.502083 0.707407 0.497396 0.708333
