0 0.543229 0.735185 0.540104 0.736111 0.538542 0.741667 0.538021 0.751389 0.539844 0.756481 0.542969 0.75463 0.544531 0.75 0.545052 0.741667
0 0.00677083 0.449537 0.00598958 0.451852 0.00651042 0.459722 0.00859375 0.46713 0.0111979 0.472685 0.0210938 0.488889 0.0257812 0.494444 0.0294271 0.502315 0.0333333 0.502778 0.0348958 0.501389 0.0354167 0.497685 0.0320312 0.485648 0.03125 0.477315 0.0257812 0.462963 0.0213542 0.456019 0.0161458 0.450926 0.0119792 0.448611
0 0.441406 0.607407 0.442448 0.6125 0.445312 0.61713 0.446354 0.623148 0.438542 0.623148 0.440625 0.626389 0.444271 0.626852 0.448177 0.62963 0.44974 0.63287 0.44974 0.635185 0.448958 0.637037 0.449219 0.640278 0.452865 0.640741 0.460156 0.650463 0.463802 0.653241 0.470573 0.655093 0.474219 0.652315 0.475521 0.647222 0.475 0.643519 0.470573 0.631944 0.470313 0.628704 0.467448 0.623148 0.46276 0.619907 0.456771 0.617593 0.449479 0.618519 0.446875 0.6125 0.444531 0.611111 0.442448 0.606481
0 0.159896 0.256481 0.159375 0.258796 0.161198 0.268519 0.165104 0.275926 0.171875 0.284722 0.180208 0.29213 0.185156 0.298148 0.186458 0.298611 0.1875 0.297685 0.18776 0.296296 0.185417 0.288889 0.178646 0.271296 0.175 0.263889 0.16901 0.257407 0.164844 0.255093 0.161198 0.25463
0 0.452865 0.786111 0.451562 0.789815 0.451562 0.794444 0.453125 0.799537 0.45625 0.804167 0.463542 0.808333 0.467708 0.808796 0.470313 0.812037 0.472656 0.810648 0.471094 0.806944 0.472396 0.804167 0.474479 0.803241 0.47474 0.800463 0.470833 0.798611 0.467448 0.789815 0.465104 0.786111 0.460677 0.782407 0.45651 0.782407
0 0.108854 0.425926 0.107292 0.429167 0.107031 0.43287 0.107813 0.438426 0.109115 0.44213 0.111458 0.446296 0.119792 0.455556 0.122656 0.456944 0.123958 0.456481 0.123177 0.441667 0.119792 0.432407 0.114583 0.425463 0.1125 0.424537
0 0.572396 0.612963 0.569792 0.610648 0.564323 0.601852 0.560677 0.598148 0.55651 0.597685 0.54974 0.600926 0.543229 0.607407 0.535937 0.618056 0.532031 0.626389 0.530208 0.636574 0.529427 0.637963 0.522396 0.640278 0.521354 0.643981 0.523698 0.649537 0.525521 0.657407 0.527344 0.656944 0.529427 0.65463 0.533073 0.65463 0.536458 0.657407 0.54401 0.655093 0.55026 0.651852 0.565365 0.6375 0.569271 0.625463 0.572396 0.619444 0.573177 0.616667
0 0.354167 0.751852 0.353125 0.75463 0.352865 0.759259 0.353646 0.765741 0.355729 0.771759 0.373177 0.79537 0.37474 0.793981 0.375 0.792593 0.373177 0.781481 0.369531 0.767593 0.366146 0.758796 0.363281 0.754167 0.359375 0.750463 0.355729 0.750463
0 0.254948 0.6125 0.254167 0.615278 0.254167 0.62037 0.25651 0.629167 0.269531 0.648611 0.272135 0.651389 0.274479 0.650926 0.27526 0.647222 0.272396 0.638426 0.271094 0.631019 0.26901 0.624074 0.264323 0.615741 0.261198 0.6125 0.258854 0.611111
0 0.811979 0.658333 0.810156 0.655556 0.804688 0.652778 0.800781 0.651852 0.794271 0.652778 0.789323 0.657407 0.783594 0.664815 0.78125 0.670833 0.776042 0.675463 0.775521 0.678704 0.779427 0.685185 0.783333 0.681019 0.786719 0.680556 0.789844 0.682407 0.79349 0.679167 0.8 0.678241 0.802604 0.676852 0.808073 0.671759 0.811979 0.664352
0 0.128646 0.481481 0.126562 0.484259 0.12526 0.498148 0.125521 0.508796 0.136979 0.539815 0.139583 0.54213 0.142448 0.541667 0.14349 0.539815 0.141146 0.52963 0.141146 0.516667 0.138542 0.499074 0.136979 0.492593 0.133594 0.483333 0.13099 0.481019
0 0.230729 0.517593 0.230208 0.522222 0.230729 0.529167 0.234115 0.538426 0.241146 0.549074 0.24349 0.550926 0.247917 0.556944 0.24974 0.556019 0.250781 0.553704 0.249479 0.546759 0.244792 0.531481 0.241146 0.523611 0.23776 0.518056 0.234896 0.516204
0 0.967448 0.60463 0.965104 0.600926 0.960156 0.597222 0.950521 0.595833 0.946094 0.596296 0.939323 0.603704 0.929167 0.621759 0.917188 0.640278 0.9125 0.650463 0.911458 0.654167 0.91224 0.657407 0.917448 0.661111 0.907292 0.675926 0.904948 0.681481 0.904948 0.685648 0.90625 0.694907 0.907813 0.701389 0.910417 0.70463 0.911979 0.70463 0.915104 0.700463 0.918229 0.692593 0.921354 0.694444 0.925781 0.694907 0.932813 0.689352 0.9375 0.682407 0.945833 0.664815 0.95 0.664815 0.954948 0.675926 0.95651 0.677778 0.958333 0.676852 0.959115 0.675 0.959635 0.668519 0.959115 0.660185 0.959635 0.649074 0.963021 0.64537 0.967187 0.648148 0.973958 0.643981 0.972656 0.643056 0.971615 0.640278 0.966927 0.636111 0.965104 0.635648 0.963802 0.633796 0.964323 0.628704 0.966927 0.620833 0.968229 0.609259
0 0.677604 0.558333 0.675781 0.560648 0.67526 0.563426 0.67526 0.572222 0.677083 0.584259 0.68125 0.593981 0.685677 0.609722 0.68724 0.6125 0.689063 0.613889 0.690104 0.612037 0.689844 0.600926 0.691146 0.59537 0.691146 0.591204 0.689323 0.584722 0.6875 0.572222 0.685677 0.566204 0.682552 0.560185 0.678906 0.55787
0 0.0911458 0.626389 0.0908854 0.631019 0.0919271 0.635185 0.0973958 0.642593 0.110937 0.651852 0.11276 0.652315 0.114844 0.649537 0.115365 0.647222 0.105469 0.628241 0.102604 0.625 0.0992187 0.622685 0.0947917 0.622222 0.0924479 0.623611
0 0.506771 0.480556 0.505469 0.484259 0.505208 0.488889 0.50625 0.494444 0.508594 0.501389 0.516406 0.516204 0.522135 0.524537 0.522656 0.527315 0.525781 0.530556 0.528385 0.529167 0.529167 0.527778 0.529167 0.525926 0.526302 0.52037 0.522396 0.501389 0.517448 0.4875 0.515625 0.484259 0.51224 0.481019 0.508854 0.47963
0 0.410677 0.928241 0.410156 0.933333 0.410938 0.936574 0.418229 0.946296 0.423958 0.950463 0.428646 0.950463 0.43099 0.948611 0.43151 0.943981 0.430469 0.938889 0.42526 0.930093 0.422135 0.927315 0.417187 0.925 0.413542 0.925463
0 0.105208 0.226389 0.105729 0.227778 0.105729 0.226389 0.105208 0.226389 0.104688 0.225463 0.103646 0.219444 0.104948 0.21713 0.109115 0.219907 0.11276 0.22037 0.111458 0.219907 0.110677 0.216667 0.107292 0.212963 0.0934896 0.185648 0.0885417 0.178704 0.0825521 0.175 0.0731771 0.174074 0.0679687 0.175 0.0658854 0.178704 0.0674479 0.186111 0.0726563 0.195833 0.078125 0.201852 0.0867187 0.209259 0.0898438 0.213426 0.1 0.220833 0.102344 0.225463 0.104688 0.225463
