0 0.101823 0.213889 0.101302 0.216667 0.103646 0.223611 0.111719 0.237963 0.116406 0.243981 0.122135 0.249074 0.126562 0.249537 0.127344 0.248148 0.127604 0.244444 0.126562 0.240278 0.122917 0.234259 0.119792 0.230556 0.110417 0.222685 0.105729 0.216204 0.102604 0.213426
0 0.209375 0.230556 0.210677 0.233796 0.220052 0.238426 0.227604 0.239352 0.228646 0.237963 0.228646 0.235185 0.226562 0.230556 0.221354 0.226852 0.213542 0.227315 0.210677 0.228704
0 0.102865 0.116204 0.103385 0.119444 0.109896 0.125 0.119271 0.127778 0.121875 0.126852 0.122396 0.125463 0.122396 0.123148 0.119531 0.117593 0.1125 0.112037 0.109115 0.111111 0.105729 0.112963
0 0.823698 0.297685 0.823958 0.3 0.83151 0.307407 0.834896 0.308796 0.839063 0.307407 0.842187 0.30463 0.846615 0.294907 0.85 0.293056 0.85026 0.289815 0.847656 0.286574 0.847656 0.27963 0.847135 0.279167 0.841667 0.27963 0.835417 0.275 0.829948 0.273611 0.827865 0.274537 0.825521 0.27963 0.823958 0.287963
0 0.0354167 0.0162037 0.0351562 0.0185185 0.0377604 0.0208333 0.0403646 0.0259259 0.0380208 0.0328704 0.0395833 0.0351852 0.0497396 0.0439815 0.053125 0.0453704 0.0609375 0.0444444 0.0638021 0.0416667 0.0679687 0.0328704 0.0674479 0.0296296 0.0614583 0.0166667 0.0533854 0.00787037 0.0466146 0.00787037 0.0432292 0.00648148 0.0403646 0.00740741 0.0398437 0.0087963 0.0419271 0.0115741 0.0419271 0.0152778 0.040625 0.0166667 0.0385417 0.0166667 0.0367188 0.0152778
0 0.227083 0.135648 0.227344 0.137037 0.232292 0.137037 0.23776 0.139352 0.240104 0.135648 0.245052 0.131944 0.246094 0.130093 0.246354 0.125926 0.244531 0.119907 0.241667 0.115741 0.238021 0.113426 0.233854 0.113426 0.230208 0.115741 0.228125 0.119444
0 0.444792 0.211574 0.444792 0.213426 0.446094 0.216204 0.455469 0.227315 0.464062 0.230556 0.473958 0.231481 0.48125 0.22963 0.492708 0.222685 0.501302 0.225 0.505208 0.224074 0.502083 0.21713 0.501823 0.210185 0.503125 0.207407 0.50599 0.206019 0.507031 0.203241 0.494531 0.201389 0.49349 0.199537 0.484115 0.192593 0.472656 0.185648 0.459896 0.183796 0.455729 0.185648 0.449479 0.194907 0.446094 0.205093
0 0.0890625 0.0796296 0.0885417 0.0810185 0.0888021 0.0847222 0.0908854 0.0916667 0.0932292 0.0944444 0.0963542 0.0949074 0.0976562 0.0921296 0.0973958 0.0851852 0.0966146 0.0814815 0.0953125 0.0791667 0.0908854 0.0782407
0 0.04375 0.123148 0.0442708 0.126389 0.0466146 0.12963 0.0533854 0.134722 0.0635417 0.136111 0.065625 0.134722 0.0661458 0.133333 0.0643229 0.130093 0.0585938 0.125 0.0502604 0.12037 0.0458333 0.12037
0 0.0210938 0.171296 0.0205729 0.168981 0.0190104 0.166667 0.0145833 0.166204 0.0046875 0.171759 0.00390625 0.175 0.00494792 0.176852 0.00755208 0.178241 0.0132812 0.178704 0.0197917 0.175
0 0.296615 0.298611 0.29401 0.296296 0.289583 0.297685 0.284896 0.303704 0.284896 0.306944 0.286198 0.308333 0.290885 0.308333 0.29375 0.306944 0.296615 0.303241
