0 0.734115 0.681019 0.733333 0.678704 0.723698 0.676389 0.717187 0.676389 0.707812 0.679167 0.701823 0.683796 0.697396 0.688889 0.69401 0.694444 0.692708 0.699537 0.696354 0.700463 0.707031 0.696296 0.717448 0.690741 0.727344 0.687963 0.733854 0.682407
0 0.620313 0.857407 0.615885 0.856019 0.613021 0.858796 0.610417 0.862963 0.609375 0.866204 0.607552 0.87963 0.607812 0.8875 0.609115 0.890741 0.616146 0.892593 0.621354 0.891204 0.623177 0.889815 0.626042 0.883796 0.626823 0.881019 0.626302 0.873148 0.623437 0.862963
0 0.261719 0.953241 0.261719 0.956944 0.263021 0.960185 0.272396 0.971296 0.279687 0.977315 0.289583 0.980556 0.303646 0.97963 0.310156 0.977315 0.320052 0.970833 0.333854 0.96713 0.336198 0.963426 0.336458 0.952315 0.335156 0.949537 0.33099 0.949537 0.32526 0.951852 0.320833 0.952315 0.302604 0.938426 0.28724 0.933333 0.282292 0.934259 0.26849 0.942593 0.264583 0.946296 0.26276 0.949537
0 0.852344 0.429167 0.851562 0.446296 0.849479 0.452778 0.84974 0.45463 0.850781 0.456019 0.852344 0.456481 0.85599 0.45463 0.8625 0.449074 0.866406 0.45 0.890625 0.474074 0.902344 0.482407 0.907292 0.4875 0.927865 0.499537 0.941667 0.510185 0.948177 0.518981 0.953385 0.523611 0.959896 0.526852 0.968229 0.527778 0.977344 0.534259 0.980469 0.53287 0.977865 0.528241 0.966406 0.518056 0.964844 0.515278 0.963542 0.508796 0.960677 0.504167 0.95651 0.499537 0.950781 0.49537 0.94349 0.4875 0.934896 0.481944 0.929167 0.476389 0.920833 0.47037 0.916667 0.468519 0.904167 0.459722 0.892969 0.454167 0.886979 0.449537 0.876302 0.447222 0.868229 0.443519 0.863542 0.438426 0.859115 0.424074 0.855729 0.420833 0.854167 0.423611
0 0.423177 0.508796 0.409635 0.506944 0.401302 0.5 0.396875 0.498611 0.38151 0.504167 0.371615 0.509259 0.366667 0.510185 0.364323 0.5125 0.365885 0.515278 0.380469 0.514352 0.406771 0.516204 0.411458 0.515278 0.415625 0.512963 0.423177 0.511574
0 0.138021 0.3625 0.128906 0.3625 0.123177 0.365278 0.108073 0.380093 0.0901042 0.403704 0.0880208 0.405556 0.0848958 0.406481 0.0817708 0.409722 0.0789062 0.436111 0.0804688 0.4375 0.0815104 0.437037 0.0838542 0.428704 0.0848958 0.420833 0.0867187 0.416667 0.10599 0.401852 0.117708 0.387963 0.127865 0.380093 0.135937 0.369907 0.13776 0.366204
0 0.538802 0.533333 0.539844 0.537037 0.541927 0.533796 0.547396 0.531944 0.56875 0.530093 0.580469 0.527315 0.597396 0.525463 0.627865 0.527315 0.646875 0.522685 0.648177 0.521759 0.648698 0.518981 0.622396 0.512037 0.605729 0.509722 0.588542 0.509722 0.575521 0.512037 0.565104 0.515278 0.548177 0.525 0.540365 0.527315 0.539062 0.529167
0 0.443229 0.474074 0.439063 0.473611 0.43099 0.475 0.418229 0.474074 0.397396 0.477315 0.361458 0.493981 0.354948 0.5 0.345052 0.504167 0.334896 0.510185 0.327344 0.510185 0.32526 0.512037 0.326302 0.515278 0.334115 0.515741 0.336458 0.518519 0.336458 0.525 0.334896 0.528704 0.334375 0.531944 0.334896 0.535648 0.336979 0.531019 0.338542 0.52963 0.340104 0.523148 0.34349 0.519444 0.35 0.516667 0.364844 0.513426 0.372135 0.510648 0.375781 0.50787 0.380729 0.506481 0.397656 0.496759 0.404948 0.493981 0.422917 0.491204 0.442969 0.476852
0 0 0.534722 0 0.543981 0.00833333 0.547222 0.0447917 0.553704 0.0557292 0.55463 0.0786458 0.553704 0.0916667 0.548611 0.105208 0.546759 0.107292 0.543519 0.107292 0.538426 0.10625 0.535648 0.105469 0.535648 0.102604 0.540741 0.0966146 0.54213 0.0661458 0.541204 0.0583333 0.539815 0.0388021 0.538889 0.0231771 0.536111
0 0 0.15 0.0171875 0.150463 0.0226562 0.149074 0.0385417 0.137963 0.0539063 0.132407 0.05625 0.12963 0.0567708 0.126389 0.0536458 0.124537 0.034375 0.126389 0.0223958 0.122685 0 0.122685
0 0.709896 0.431944 0.708073 0.430556 0.689063 0.430556 0.677344 0.427315 0.669271 0.427778 0.664844 0.426389 0.652083 0.426389 0.639062 0.428704 0.630469 0.428241 0.596875 0.432407 0.58099 0.436574 0.56224 0.444907 0.559896 0.444907 0.553125 0.441667 0.551042 0.446296 0.55 0.45463 0.55026 0.463426 0.553646 0.4625 0.558594 0.455093 0.5625 0.453241 0.590885 0.45463 0.599219 0.451852 0.616406 0.450463 0.642969 0.44537 0.676302 0.445833 0.695573 0.4375 0.705469 0.435185
0 0.683516 0.929537 0.680286 0.932315 0.682344 0.943194 0.689063 0.955556 0.693229 0.955093 0.692448 0.952778 0.692187 0.947685 0.689583 0.938889 0.68776 0.935556 0.685703 0.931667
