0 0.117708 0.609259 0.11875 0.613426 0.122135 0.619444 0.126042 0.624074 0.147917 0.640278 0.154688 0.643981 0.160938 0.64537 0.168229 0.643981 0.172656 0.640278 0.173437 0.637037 0.171354 0.634722 0.161719 0.631481 0.153906 0.626389 0.150781 0.625463 0.142969 0.618981 0.13776 0.617593 0.133333 0.614352 0.122656 0.609259
0 0.383568 0.971759 0.384115 0.981944 0.385417 0.983796 0.388542 0.984722 0.394792 0.989815 0.4 0.99213 0.410417 0.993056 0.424219 0.988889 0.439063 0.978704 0.447917 0.977778 0.452682 0.980556 0.452552 0.973565 0.454583 0.966389 0.449922 0.963519 0.44401 0.962963 0.438281 0.961111 0.428724 0.950972 0.41513 0.94588 0.403125 0.948889 0.398438 0.953704 0.388281 0.962824
0 0.726562 0.435648 0.726823 0.439352 0.728385 0.444444 0.729948 0.453704 0.729688 0.459259 0.728125 0.466667 0.728906 0.468519 0.730208 0.468981 0.735938 0.459722 0.740625 0.449074 0.743229 0.446296 0.747135 0.444444 0.758854 0.444444 0.78151 0.448148 0.791667 0.448148 0.800781 0.45 0.839323 0.465278 0.85651 0.475 0.860417 0.478241 0.869792 0.482407 0.877344 0.484259 0.891146 0.485185 0.901823 0.488889 0.905469 0.488889 0.90651 0.4875 0.901042 0.48287 0.882031 0.473611 0.880469 0.470833 0.879687 0.467593 0.869531 0.460648 0.858073 0.456944 0.842708 0.445833 0.829948 0.438889 0.807813 0.430556 0.786979 0.42963 0.783594 0.428241 0.778646 0.428241 0.770573 0.431481 0.742188 0.438426 0.732031 0.434722 0.727604 0.434722
0 0.405156 0.517361 0.392188 0.513889 0.385417 0.509259 0.380729 0.508796 0.376823 0.509722 0.372917 0.513889 0.364583 0.513889 0.361719 0.514815 0.359635 0.516667 0.357292 0.521296 0.352083 0.522222 0.348698 0.524537 0.369271 0.524074 0.389583 0.526389 0.396354 0.524537 0.403203 0.522222
0 0.155208 0.594444 0.157552 0.599074 0.165104 0.60787 0.172135 0.611574 0.192188 0.626852 0.199479 0.631481 0.20651 0.631481 0.207813 0.630093 0.207552 0.626389 0.20651 0.625 0.202865 0.623611 0.197396 0.616204 0.179948 0.602315 0.158594 0.592593 0.156771 0.592593
0 0.527083 0.547222 0.529427 0.556481 0.529427 0.555093 0.53151 0.551852 0.5375 0.549537 0.553906 0.549537 0.556771 0.548148 0.582812 0.543981 0.609896 0.544907 0.627865 0.539815 0.627865 0.538426 0.626823 0.536111 0.613281 0.534259 0.604427 0.531019 0.590885 0.528704 0.573177 0.528704 0.552604 0.53287 0.545312 0.536111 0.533073 0.543519 0.529427 0.542593 0.527604 0.544444
0 0.120052 0.355556 0.115625 0.35463 0.110417 0.355556 0.10651 0.35787 0.105469 0.359259 0.103646 0.365278 0.101302 0.368981 0.0942708 0.375463 0.0885417 0.382407 0.0802083 0.395833 0.0713542 0.40787 0.0692708 0.418056 0.0692708 0.428704 0.0710937 0.430556 0.0723958 0.419907 0.0757812 0.412037 0.0919271 0.397222 0.0992187 0.387963 0.105208 0.378704 0.114062 0.369444 0.11849 0.3625 0.119792 0.359259
0 0.429167 0.490741 0.427865 0.489815 0.389062 0.489352 0.380208 0.490741 0.367708 0.494444 0.345052 0.505093 0.335156 0.514815 0.33151 0.516667 0.322135 0.51713 0.317448 0.520833 0.313021 0.521759 0.310937 0.523148 0.309896 0.526389 0.310677 0.529167 0.31849 0.528704 0.320573 0.52963 0.322396 0.531481 0.324479 0.536111 0.325 0.531481 0.327604 0.528704 0.344531 0.525926 0.355729 0.521759 0.359167 0.519583 0.363021 0.518519 0.365885 0.518519 0.377083 0.511574 0.385677 0.50787 0.407813 0.50463 0.427083 0.494444
0 0.658854 0.446296 0.65651 0.444907 0.635677 0.445833 0.627083 0.443519 0.609375 0.443056 0.596094 0.445833 0.573958 0.455093 0.564583 0.456019 0.560417 0.45787 0.547396 0.458796 0.530729 0.462963 0.525521 0.4625 0.51901 0.459259 0.51849 0.462037 0.51901 0.478241 0.522135 0.476389 0.524219 0.473611 0.526563 0.472222 0.555469 0.472222 0.567448 0.47037 0.601042 0.4625 0.623437 0.463426 0.634635 0.459722 0.64401 0.454167 0.658073 0.449537
0 0.99974 0.518056 0.994792 0.518519 0.990885 0.52037 0.973698 0.53287 0.963542 0.541667 0.959115 0.54213 0.957031 0.540741 0.952865 0.540741 0.951562 0.543056 0.951562 0.548611 0.952865 0.556944 0.952865 0.565741 0.95625 0.562963 0.961979 0.551389 0.966146 0.548148 0.99974 0.538426
0 0.397135 0.680556 0.397396 0.686574 0.401302 0.692593 0.404948 0.696296 0.410938 0.699537 0.414844 0.700463 0.421615 0.7 0.43125 0.697222 0.439063 0.697685 0.439844 0.692593 0.439063 0.689352 0.432292 0.689352 0.418229 0.684259 0.404427 0.686574 0.400521 0.681481 0.397656 0.67963
0 0.361198 0.609259 0.358854 0.608333 0.349219 0.615278 0.341927 0.625 0.339323 0.630093 0.338281 0.633796 0.342187 0.634259 0.349219 0.627315 0.358854 0.615741 0.360677 0.6125
