0 0.980469 0.394907 0.977083 0.385648 0.974219 0.383333 0.972396 0.383333 0.959375 0.390278 0.94349 0.406481 0.921615 0.400463 0.911719 0.399074 0.895312 0.398611 0.872396 0.400463 0.851042 0.40787 0.83724 0.414352 0.833073 0.418056 0.831771 0.422685 0.832031 0.424537 0.834896 0.429167 0.839323 0.432407 0.855729 0.439815 0.867969 0.44213 0.894531 0.442593 0.907552 0.439815 0.914844 0.439352 0.927344 0.436574 0.949219 0.426389 0.956771 0.427778 0.96901 0.436111 0.977083 0.4375 0.978646 0.435648 0.977604 0.413426 0.978906 0.407407 0.979427 0.400926 0.980469 0.397685
0 0.0708333 0.828241 0.0708333 0.831944 0.0747396 0.839352 0.0854167 0.84537 0.0929688 0.846759 0.0994792 0.85 0.110937 0.859259 0.116667 0.8625 0.140104 0.869444 0.157292 0.869907 0.164844 0.86713 0.174479 0.859259 0.176823 0.855556 0.177344 0.852778 0.177083 0.849074 0.176042 0.845833 0.172396 0.839352 0.169271 0.835648 0.152344 0.824074 0.142708 0.820833 0.12526 0.819444 0.102344 0.826389 0.0752604 0.826389
0 0.851823 0.55 0.853385 0.553704 0.85599 0.556944 0.860677 0.560648 0.869792 0.564352 0.897656 0.566667 0.909115 0.564352 0.925 0.563426 0.925781 0.560648 0.923958 0.553704 0.922396 0.550463 0.913281 0.545833 0.908594 0.541667 0.903906 0.540278 0.89375 0.540278 0.890104 0.537963 0.885156 0.536574 0.878125 0.536574 0.863542 0.540741 0.854948 0.546296
0 0.546354 0.841667 0.549219 0.84537 0.561198 0.852315 0.577344 0.852778 0.584896 0.849537 0.595313 0.839352 0.605469 0.825463 0.610156 0.827778 0.615625 0.838889 0.616667 0.838889 0.616927 0.8375 0.616146 0.831481 0.614323 0.827315 0.611458 0.812963 0.609375 0.809722 0.60599 0.814352 0.602344 0.815741 0.598698 0.8125 0.586719 0.806944 0.578125 0.80463 0.571094 0.804167 0.566146 0.806481 0.561198 0.815278 0.553125 0.820833 0.546615 0.837963
0 0.885156 0.650463 0.886458 0.65463 0.901042 0.664815 0.911198 0.668519 0.928646 0.669444 0.932292 0.671759 0.939323 0.678704 0.942187 0.67963 0.943229 0.678704 0.936198 0.664815 0.932031 0.661111 0.921615 0.65463 0.910937 0.649537 0.902083 0.647222 0.891146 0.647222 0.886979 0.648611
0 0.894271 0.333796 0.894271 0.337963 0.896094 0.341667 0.911198 0.352778 0.938281 0.359259 0.948958 0.359259 0.966406 0.355556 0.988021 0.344907 0.994792 0.343519 0.998177 0.341204 0.99974 0.341204 0.99974 0.322685 0.986458 0.322222 0.977865 0.319444 0.969792 0.319907 0.958333 0.317593 0.939583 0.316204 0.93151 0.316667 0.901823 0.324537 0.896615 0.327778
0 0.68151 0.404167 0.682292 0.407407 0.685156 0.411574 0.692448 0.415278 0.71875 0.419907 0.740104 0.419444 0.744531 0.418519 0.749479 0.414352 0.757812 0.409722 0.761979 0.403704 0.76224 0.400463 0.755208 0.400463 0.751563 0.399074 0.745052 0.393519 0.738542 0.390278 0.726042 0.388426 0.708854 0.388426 0.698438 0.390278 0.690365 0.393519 0.684375 0.397222 0.682031 0.400926
0 0.766146 0.369444 0.769271 0.374537 0.775521 0.380093 0.782292 0.384259 0.792708 0.388426 0.803906 0.390278 0.8125 0.389815 0.816406 0.390741 0.852604 0.389352 0.857812 0.387037 0.866667 0.387037 0.869531 0.385185 0.870833 0.381019 0.870833 0.372222 0.873177 0.367593 0.874479 0.361111 0.873958 0.359259 0.872917 0.358796 0.863281 0.362963 0.857812 0.362963 0.853906 0.361574 0.851562 0.359259 0.848698 0.354167 0.845573 0.352778 0.81901 0.348148 0.80625 0.348148 0.790625 0.352778 0.782552 0.353241 0.775781 0.356019 0.767969 0.3625 0.766146 0.366204
0 0.469271 0.961574 0.466927 0.956019 0.459896 0.95463 0.447656 0.954167 0.439583 0.956481 0.435417 0.961574 0.431198 0.965602 0.426563 0.971759 0.422917 0.975463 0.41776 0.977778 0.406094 0.975463 0.410521 0.981944 0.41099 0.998935 0.427474 0.996389 0.447682 0.989491 0.455208 0.988426 0.458854 0.986111 0.463021 0.985648 0.464062 0.982407 0.468229 0.975926 0.469531 0.969444
0 0.687474 0.965278 0.690104 0.97037 0.693464 0.97338 0.698594 0.978287 0.702917 0.978102 0.703724 0.97162 0.701927 0.966157 0.697656 0.960648 0.693229 0.959722 0.689557 0.961944
0 0.892188 0.394444 0.89349 0.397222 0.895573 0.398148 0.914844 0.399537 0.928646 0.402778 0.935417 0.405556 0.942969 0.406481 0.946354 0.40463 0.958854 0.390278 0.957292 0.3875 0.946094 0.384259 0.932292 0.381944 0.91901 0.381944 0.907292 0.383333 0.900521 0.386111 0.893229 0.391667
0 0.752865 0.416667 0.754167 0.425 0.772656 0.436111 0.786458 0.439815 0.792188 0.440278 0.807552 0.439352 0.817187 0.436111 0.822135 0.433333 0.826562 0.429167 0.828906 0.425 0.829948 0.418056 0.827083 0.414815 0.820833 0.411111 0.788281 0.40463 0.761198 0.406944 0.755729 0.410648 0.753385 0.413889
0 0.757812 0.508333 0.758594 0.512037 0.761979 0.515278 0.767188 0.518056 0.777604 0.525926 0.785417 0.530093 0.791146 0.531481 0.798438 0.531481 0.810937 0.52963 0.813542 0.528241 0.815104 0.525926 0.815104 0.522222 0.813802 0.518519 0.786719 0.506019 0.782292 0.505093 0.766406 0.505093 0.760677 0.506481
0 0.99974 0.522222 0.99974 0.491204 0.990104 0.491667 0.975781 0.494444 0.967708 0.497685 0.965104 0.501389 0.966406 0.505556 0.972135 0.512037 0.976823 0.515741 0.985938 0.519907
0 0.863542 0.626389 0.864583 0.630093 0.867188 0.633333 0.872396 0.637037 0.879948 0.640741 0.891146 0.643056 0.89349 0.644907 0.897396 0.64537 0.90625 0.642593 0.911458 0.642593 0.915885 0.640278 0.917188 0.637037 0.915365 0.633796 0.911198 0.630093 0.897656 0.622685 0.876563 0.619444 0.867708 0.621759 0.865625 0.623148
0 0.733073 0.556944 0.734115 0.553704 0.740625 0.549537 0.746094 0.548148 0.75599 0.548148 0.76276 0.55 0.775521 0.556481 0.778646 0.556944 0.78151 0.560648 0.779948 0.564352 0.775521 0.56713 0.757812 0.569907 0.754948 0.569444 0.742188 0.562037 0.736458 0.560185
0 0.691927 0.34537 0.692448 0.348611 0.694792 0.352778 0.698698 0.356481 0.703125 0.358796 0.730729 0.369444 0.747656 0.370833 0.757031 0.370833 0.760677 0.369444 0.767969 0.361111 0.774219 0.356481 0.782031 0.348611 0.779687 0.344907 0.773438 0.34213 0.767188 0.341204 0.759635 0.337037 0.725781 0.333333 0.70625 0.334259 0.697135 0.3375 0.693229 0.341204
0 0.792969 0.252315 0.793229 0.255093 0.796615 0.261111 0.8 0.263426 0.806771 0.265741 0.846875 0.273611 0.854427 0.273148 0.867708 0.274537 0.873177 0.273611 0.878906 0.268981 0.883594 0.268056 0.886979 0.265741 0.892969 0.265741 0.895833 0.264352 0.896875 0.2625 0.896354 0.25463 0.898958 0.248148 0.901302 0.244444 0.902865 0.237963 0.900781 0.237037 0.896615 0.239815 0.892708 0.243981 0.889062 0.245833 0.883594 0.246296 0.873958 0.243519 0.8625 0.2375 0.85 0.234259 0.825521 0.234259 0.813021 0.2375 0.80651 0.240278 0.795052 0.248148
0 0.820833 0.515278 0.824219 0.520833 0.83125 0.525926 0.845313 0.53287 0.860677 0.535648 0.888281 0.53287 0.889844 0.530556 0.890625 0.527315 0.890885 0.521296 0.89349 0.515278 0.892188 0.513426 0.890104 0.513426 0.8875 0.515278 0.882812 0.515741 0.879687 0.514815 0.873958 0.510648 0.867708 0.508333 0.84974 0.505093 0.830208 0.508333 0.822656 0.511574
0 0.81224 0.584722 0.813802 0.589352 0.817187 0.59213 0.830469 0.595833 0.848698 0.596296 0.861198 0.594907 0.865625 0.593519 0.867188 0.591667 0.865625 0.587963 0.859635 0.58287 0.852344 0.579167 0.847135 0.577778 0.831771 0.577315 0.820833 0.578241 0.814323 0.580556
0 0.58125 0.883796 0.579948 0.888889 0.58125 0.907407 0.583333 0.915741 0.583854 0.921296 0.584635 0.922685 0.588281 0.922685 0.589844 0.918519 0.590104 0.906944 0.589063 0.893981 0.584896 0.885185
0 0.759115 0.459722 0.759896 0.462963 0.763281 0.46713 0.76901 0.472222 0.776302 0.476852 0.79375 0.484259 0.809896 0.484722 0.813021 0.4875 0.817708 0.488426 0.818229 0.4875 0.81849 0.477778 0.821875 0.47037 0.817448 0.469907 0.814323 0.471759 0.811719 0.471296 0.808333 0.468981 0.804167 0.463426 0.788802 0.456019 0.779687 0.453704 0.76849 0.453704 0.761719 0.456481
