0 0.60651 0.782407 0.607031 0.785648 0.61276 0.791667 0.615625 0.793056 0.619792 0.79213 0.621875 0.789352 0.622396 0.787037 0.621875 0.783333 0.620833 0.781481 0.616406 0.778241 0.61276 0.777778 0.608594 0.780093
0 0.322135 0.884259 0.321615 0.897685 0.322917 0.899074 0.335417 0.898611 0.339583 0.893981 0.339844 0.890278 0.339062 0.887037 0.336979 0.88287 0.334896 0.881019 0.324479 0.881019
0 0.341406 0.741204 0.342708 0.744444 0.348698 0.750926 0.352344 0.751389 0.355729 0.747685 0.35651 0.744444 0.355729 0.738889 0.352604 0.735185 0.348958 0.734722 0.345833 0.736111
0 0.266667 0.781944 0.268229 0.785185 0.275781 0.790741 0.279948 0.790741 0.282031 0.789352 0.283854 0.786111 0.283854 0.782407 0.282813 0.778241 0.279167 0.774074 0.276042 0.773611 0.272135 0.775463 0.267708 0.779167
0 0.833854 0.668519 0.833594 0.675926 0.834896 0.685648 0.836979 0.693981 0.838021 0.69537 0.841406 0.69537 0.849219 0.692593 0.865885 0.688889 0.865885 0.684722 0.86276 0.670833 0.858594 0.66713 0.853906 0.660648 0.850521 0.659259 0.841667 0.659722 0.836198 0.664352
0 0.884635 0.612963 0.879948 0.607407 0.876302 0.606481 0.872917 0.611574 0.869531 0.622222 0.866146 0.628704 0.863021 0.625463 0.859635 0.626389 0.859375 0.633796 0.860677 0.642593 0.86276 0.643981 0.863542 0.641204 0.865625 0.638426 0.869531 0.639352 0.873177 0.642593 0.876823 0.641667 0.880208 0.636111 0.88151 0.632407 0.882812 0.623611 0.885156 0.61713
0 0.422656 0.7375 0.422656 0.734259 0.421615 0.731481 0.41849 0.728241 0.414583 0.728241 0.40651 0.731481 0.404427 0.733333 0.405469 0.737963 0.414844 0.743519 0.420833 0.741204
0 0.391146 0.7375 0.390625 0.73287 0.386979 0.727778 0.383854 0.726389 0.372917 0.732407 0.372135 0.734259 0.373177 0.738426 0.382812 0.744907 0.386979 0.743981 0.389583 0.741204
0 0.349479 0.758796 0.346354 0.75463 0.341406 0.75463 0.333854 0.758796 0.331771 0.762037 0.332552 0.765278 0.334896 0.767593 0.342969 0.768056 0.347656 0.765741 0.349479 0.762037
0 0 0.156481 0 0.174537 0.00182292 0.174537 0.015625 0.188889 0.0361979 0.206944 0.0390625 0.206481 0.0380208 0.203241 0.0223958 0.176389 0.0143229 0.17037 0.0119792 0.166204 0.00182292 0.156481
