25 0.778646 0.145833 0.0421875 0.0333333
7 0.225404 0.825278 0.0159115 0.0394444
7 0.490859 0.413889 0.0457813 0.0324074
7 0.741172 0.734398 0.0218229 0.0349074
54 0.249349 0.292361 0.0325521 0.0300926
7 0.683255 0.574491 0.0133854 0.030463
38 0.58099 0.595602 0.0375 0.0458333
7 0.123841 0.487315 0.0240365 0.0527778
0 0.386068 0.64213 0.00911458 0.0287037
3 0.677044 0.611806 0.0332552 0.0300926
0 0.80013 0.448843 0.0273438 0.0476852
7 0.66362 0.849491 0.0326563 0.0276852
7 0.302292 0.698588 0.0147917 0.0403241
7 0.165234 0.595972 0.0148437 0.0373148
