30 0.349219 0.416204 0.0114583 0.0175926
31 0.111055 0.211806 0.0189844 0.0180556
31 0.114453 0.182593 0.0184896 0.0216667
30 0.60599 0.786111 0.0151042 0.0222222
30 0.586589 0.772454 0.0132812 0.0143519
30 0.320964 0.354398 0.00963542 0.0162037
31 0.217461 0.288519 0.0146094 0.015
31 0.162695 0.202315 0.0186198 0.0166667
54 0.921745 0.578241 0.0210938 0.0305556
31 0.107552 0.250463 0.015625 0.0175926
31 0.0447005 0.250162 0.0216927 0.0220833
30 0.398047 0.474074 0.0132812 0.0222222
30 0.250781 0.321296 0.0119792 0.0148148
40 0.931771 0.61412 0.0208333 0.0143519
30 0.476823 0.575 0.0114583 0.0185185
