0 0.955078 0.929491 0.0216146 0.0789815
7 0.271758 0.754236 0.0230469 0.0251389
7 0.267839 0.584722 0.0215625 0.0222222
2 0.647148 0.610116 0.0307552 0.0371759
7 0.530716 0.909861 0.0129948 0.0400926
7 0.533932 0.882569 0.0175521 0.0218981
7 0.410534 0.87037 0.011224 0.0324074
7 0.327018 0.835648 0.0217448 0.0324074
0 0.45026 0.589329 0.00989583 0.0295833
7 0.337253 0.749954 0.00992188 0.0415741
7 0.269036 0.840741 0.0255729 0.0203704
7 0.136589 0.604977 0.0127604 0.0386574
0 0.832422 0.749306 0.0164063 0.0393519
