7 0.444245 0.55 0.0379688 0.0703704
7 0.061849 0.240093 0.0388021 0.0292593
7 0.0455208 0.386366 0.0350521 0.0349537
7 0.230794 0.341898 0.0532552 0.0597222
7 0.17056 0.733148 0.0151302 0.0401852
7 0.393099 0.376389 0.00598958 0.0435185
34 0.772982 0.765972 0.049349 0.0375
7 0.283164 0.65463 0.0221615 0.025
7 0.357292 0.355093 0.0109375 0.0527778
7 0.247799 0.455787 0.026276 0.0412037
7 0.70612 0.582176 0.0325521 0.025463
7 0.546172 0.247292 0.0390625 0.03625
7 0.208893 0.781481 0.0249219 0.0222222
7 0.670703 0.387731 0.0424479 0.0263889
