25 0.0796875 0.36088 0.0151042 0.0217593
73 0.411328 0.775463 0.0929688 0.0842593
7 0.29375 0.179167 0.0328125 0.037963
7 0.600521 0.499236 0.00625 0.0429167
7 0.147552 0.659306 0.0185417 0.0302778
7 0.726562 0.746528 0.0203125 0.0421296
7 0.281133 0.636181 0.0190365 0.024213
7 0.226849 0.322454 0.0620312 0.0569444
50 0.188841 0.565856 0.0520052 0.169213
7 0.294401 0.248148 0.0179687 0.0398148
7 0.61401 0.55088 0.0313542 0.0267593
7 0.372344 0.424074 0.0323958 0.0194444
7 0.418216 0.596296 0.0223698 0.0240741
