0 0.0111979 0.366204 0.0223958 0.025
7 0.2 0.386574 0.0338542 0.0398148
1 0.848177 0.882639 0.0453125 0.0421296
7 0.266667 0.481944 0.0291667 0.0333333
7 0.593359 0.346296 0.0455729 0.037037
7 0.402734 0.496065 0.0205729 0.0263889
7 0.134375 0.219213 0.040625 0.0282407
7 0.404557 0.403241 0.0283854 0.0296296
74 0.108724 0.936806 0.0335937 0.0875
7 0.55651 0.824537 0.021875 0.0287037
7 0.452214 0.840972 0.0179687 0.0291667
7 0.12487 0.392824 0.0351562 0.0300926
7 0.611458 0.406019 0.0291667 0.0333333
