3 0.492018 0.484028 0.0257031 0.0449074
7 0.491979 0.688449 0.0501042 0.0315278
7 0.456081 0.622454 0.0340365 0.0217593
0 0.442188 0.46713 0.0197917 0.0472222
7 0.169115 0.46338 0.0285417 0.0223148
7 0.385378 0.70919 0.0207552 0.025787
7 0.133958 0.558241 0.023125 0.0516667
7 0.13349 0.52838 0.0248958 0.0280556
7 0.875833 0.918287 0.0339583 0.0393519
7 0.55707 0.496528 0.0308073 0.0199074
6 0.536328 0.895833 0.0283854 0.0462963
7 0.697995 0.650694 0.0282812 0.0263889
0 0.295964 0.771759 0.0257812 0.037963
7 0.268242 0.714931 0.013776 0.0235648
