30 0.351589 0.511921 0.0146354 0.01625
21 0.324076 0.588889 0.0179427 0.0268519
30 0.415755 0.523148 0.0106771 0.0148148
30 0.556641 0.852083 0.0106771 0.0199074
30 0.442578 0.523542 0.0117188 0.0158796
30 0.439193 0.606481 0.00911458 0.0111111
32 0.495534 0.797222 0.0127865 0.0148148
32 0.502734 0.783796 0.0117188 0.0148148
30 0.560898 0.888634 0.00945312 0.0153241
1 0.97224 0.823958 0.0263542 0.05625
30 0.467708 0.578935 0.00989583 0.0171296
31 0.565833 0.917361 0.0191667 0.0300926
30 0.581133 0.879167 0.0127865 0.0342593
30 0.580339 0.854722 0.0106771 0.015
30 0.49375 0.558796 0.0109375 0.0166667
