7 0.479036 0.099537 0.0200521 0.0657407
7 0.294271 0.0909722 0.0270833 0.0282407
7 0.371745 0.0872685 0.0221354 0.0263889
7 0.524219 0.251389 0.0229167 0.0268519
7 0.197656 0.102315 0.0453125 0.0490741
7 0.260807 0.562037 0.0335937 0.0342593
7 0.690234 0.621759 0.0164063 0.0222222
7 0.0434896 0.636343 0.0375 0.0217593
7 0.567969 0.713426 0.0078125 0.037037
7 0.0630208 0.0990741 0.0291667 0.0194444
7 0.363932 0.484954 0.0122396 0.0458333
7 0.109245 0.600926 0.0231771 0.0324074
7 0.748698 0.837963 0.0322917 0.0277778
7 0.416797 0.390046 0.0247396 0.025463
7 0.147135 0.287037 0.0369792 0.0231481
7 0.557813 0.122454 0.0151042 0.0393519
47 0.183984 0.557407 0.0674479 0.0583333
84 0.561589 0.627546 0.0565104 0.0819444
7 0.477734 0.628241 0.00911458 0.0212963
7 0.710026 0.364815 0.0127604 0.0231481
9 0.583984 0.522222 0.0148437 0.0194444
