5 0.0841146 0.443519 0.168229 0.0259259
78 0.961198 0.901389 0.0213542 0.0305556
4 0.934505 0.188426 0.130469 0.0425926
56 0.430469 0.769444 0.0213542 0.0259259
5 0.519271 0.402546 0.154688 0.0606481
4 0.497005 0.58125 0.0533854 0.0291667
9 0.329688 0.74375 0.0244792 0.0439815
4 0.305599 0.625694 0.0877604 0.0310185
4 0.170964 0.565278 0.104948 0.0194444
23 0.986458 0.966898 0.0265625 0.0652778
13 0.397005 0.34537 0.0846354 0.0972222
5 0.480469 0.494213 0.129167 0.0375
4 0.0252604 0.299769 0.0505208 0.0217593
