7 0.652995 0.855556 0.0143229 0.0166667
7 0.645182 0.838194 0.0122396 0.0180556
9 0.448437 0.867824 0.0078125 0.0143519
7 0.878255 0.844676 0.0138021 0.0152778
7 0.826302 0.819907 0.0161458 0.012037
7 0.660937 0.828472 0.0161458 0.0125
7 0.890625 0.829167 0.0151042 0.0111111
30 0.309935 0.941551 0.0113802 0.0159722
9 0.522396 0.838194 0.0104167 0.0152778
7 0.799479 0.828241 0.0130208 0.0166667
7 0.528776 0.805093 0.0111979 0.0101852
7 0.829036 0.839352 0.0179687 0.0111111
7 0.677995 0.852778 0.00546875 0.0222222
