9 0.486979 0.60787 0.0114583 0.00833333
6 0.392057 0.895139 0.0315104 0.0152778
7 0.0223958 0.546528 0.0244792 0.0125
7 0.0898438 0.557176 0.0255208 0.0143519
7 0.223828 0.438889 0.0174479 0.0185185
7 0.142187 0.432639 0.0130208 0.0180556
7 0.0589844 0.500694 0.0210938 0.0162037
7 0.193099 0.383565 0.0153646 0.0115741
7 0.413151 0.535185 0.0164063 0.0148148
7 0.352344 0.626157 0.0104167 0.0115741
7 0.157292 0.463426 0.0151042 0.012963
7 0.145443 0.704861 0.0138021 0.0115741
9 0.329297 0.523843 0.0117188 0.00972222
9 0.284245 0.408796 0.0138021 0.0101852
7 0.431771 0.628704 0.0125 0.00833333
8 0.3625 0.346991 0.0104167 0.0171296
8 0.177083 0.297454 0.0119792 0.0189815
8 0.171354 0.313657 0.0140625 0.0217593
7 0.218685 0.656944 0.016276 0.0138889
9 0.499219 0.572222 0.0130208 0.0101852
7 0.204154 0.657639 0.0119531 0.025463
7 0.21875 0.678935 0.0208333 0.0171296
7 0.178906 0.471065 0.015625 0.0143519
7 0.088151 0.37662 0.0174479 0.0143519
7 0.318359 0.613657 0.0174479 0.0134259
7 0.120833 0.484722 0.0182292 0.0194444
7 0.289323 0.598611 0.0119792 0.012037
7 0.267318 0.612731 0.0111979 0.0162037
7 0.277604 0.539583 0.0125 0.0106481
7 0.278776 0.557639 0.0164063 0.0087963
7 0.106771 0.616204 0.01875 0.0148148
7 0.395443 0.528472 0.0132812 0.0115741
7 0.118099 0.511574 0.0231771 0.0138889
7 0.351693 0.599074 0.0138021 0.0111111
