84 0.60638 0.66875 0.0632812 0.0810185
0 0.950391 0.978704 0.0559896 0.0416667
7 0.038151 0.446296 0.0221354 0.0175926
7 0.50026 0.650694 0.0078125 0.0162037
7 0.240495 0.353241 0.0268229 0.0361111
7 0.583984 0.254861 0.0158854 0.0532407
7 0.433203 0.229167 0.0361979 0.0268519
7 0.566276 0.738889 0.0236979 0.0240741
7 0.124219 0.193981 0.0255208 0.0222222
7 0.193099 0.402315 0.0210938 0.0157407
7 0.580339 0.57662 0.0148437 0.0236111
7 0.374219 0.336806 0.0192708 0.0171296
7 0.66263 0.850463 0.0325521 0.0203704
7 0.436198 0.153241 0.0276042 0.0222222
7 0.227604 0.228704 0.0213542 0.0268519
7 0.334245 0.663657 0.0299479 0.0393519
7 0.398568 0.540046 0.0184896 0.0375
9 0.561849 0.348611 0.00598958 0.0361111
47 0.145052 0.575 0.0619792 0.0416667
9 0.0248698 0.328009 0.0138021 0.0375
7 0.74388 0.697917 0.0294271 0.0337963
7 0.4625 0.48912 0.0078125 0.0328704
7 0.660677 0.394907 0.0307292 0.0268519
7 0.340885 0.181713 0.0135417 0.0208333
7 0.40612 0.507639 0.0101563 0.0162037
