7 0.714453 0.711157 0.00755208 0.0334259
7 0.404818 0.61875 0.0221354 0.0189815
7 0.574089 0.63125 0.0195312 0.0217593
84 0.426563 0.760648 0.078125 0.0638889
47 0.237109 0.764815 0.0507812 0.0712963
7 0.101042 0.504398 0.0286458 0.0189815
7 0.309245 0.0337963 0.0486979 0.0462963
7 0.270052 0.449769 0.0270833 0.0199074
7 0.18763 0.584954 0.0252604 0.0208333
7 0.317578 0.344907 0.0221354 0.0444444
7 0.46849 0.152083 0.0302083 0.0236111
7 0.260286 0.298843 0.0315104 0.0217593
7 0.698047 0.813657 0.0257812 0.0384259
7 0.45 0.712963 0.0348958 0.0287037
7 0.210156 0.0196759 0.0260417 0.0393519
7 0.0635417 0.340046 0.0260417 0.024537
7 0.0761719 0.320139 0.0158854 0.0300926
7 0.139453 0.551389 0.0195312 0.0268519
7 0.421484 0.566204 0.0200521 0.0361111
7 0.372917 0.252778 0.0395833 0.0259259
7 0.711328 0.445833 0.0210938 0.0277778
