8 0.470182 0.137731 0.0200521 0.0199074
8 0.275794 0.263218 0.0101823 0.01625
8 0.27526 0.301852 0.009375 0.0148148
8 0.384727 0.264352 0.0117969 0.0175926
9 0.0173177 0.138912 0.0346354 0.04625
30 0.239323 0.116435 0.0177083 0.0208333
30 0.348958 0.0902778 0.0229167 0.0240741
35 0.355911 0.0270833 0.0538021 0.0523148
35 0.366667 0.234722 0.0203125 0.0416667
8 0.46526 0.239306 0.0194792 0.0260185
8 0.481393 0.109097 0.012526 0.0197685
8 0.570052 0.2 0.0125 0.0203704
8 0.582031 0.108218 0.0135417 0.0173611
8 0.602122 0.153449 0.021224 0.028287
8 0.614453 0.223611 0.00703125 0.0398148
35 0.599609 0.269306 0.0393229 0.0437963
35 0.725221 0.152083 0.0176302 0.0319444
35 0.826432 0.141898 0.0216146 0.0532407
49 0.68763 0.77338 0.0335937 0.0541667
