7 0.589323 0.327778 0.0208333 0.0240741
7 0.161719 0.0173611 0.0354167 0.0291667
7 0.727604 0.610648 0.0395833 0.0388889
7 0.570052 0.583102 0.0114583 0.0273148
7 0.0510417 0.488426 0.0197917 0.0287037
7 0.0371094 0.153472 0.0184896 0.0273148
7 0.0429688 0.0990741 0.0213542 0.0268519
7 0.167187 0.286111 0.0119792 0.0185185
7 0.0695313 0.305556 0.0265625 0.0212963
86 0.0821615 0.227546 0.108594 0.121759
47 0.408724 0.815046 0.0591146 0.0523148
7 0.397396 0.108565 0.0104167 0.0365741
7 0.185026 0.191435 0.0388021 0.0421296
7 0.291146 0.547454 0.0166667 0.0189815
7 0.502734 0.425231 0.0190104 0.0449074
7 0.570833 0.217824 0.0432292 0.0319444
7 0.374219 0.562037 0.0104167 0.0314815
