7 0.104688 0.193981 0.01875 0.0305556
7 0.242708 0.403009 0.0109375 0.0087963
7 0.0910156 0.301157 0.0210938 0.0152778
7 0.130469 0.323843 0.0203125 0.0143519
7 0.115885 0.255787 0.0151042 0.0152778
7 0.0476562 0.156019 0.0171875 0.0212963
0 0.0393229 0.0868056 0.0213542 0.0180556
9 0.722005 0.872454 0.0205729 0.0282407
7 0.139583 0.251435 0.0125 0.0137963
7 0.161888 0.265509 0.0147656 0.0134259
7 0.211719 0.399537 0.0114583 0.00925926
7 0.0981771 0.273843 0.0177083 0.0208333
7 0.185677 0.471759 0.0135417 0.0175926
7 0.175937 0.34838 0.0142708 0.0115741
7 0.190885 0.38588 0.0109375 0.0125
9 0.572005 0.88125 0.0184896 0.0300926
7 0.147135 0.336574 0.0145833 0.0212963
9 0.255469 0.39537 0.0078125 0.0138889
9 0.226953 0.48912 0.0174479 0.0134259
7 0.207422 0.355556 0.0127604 0.012037
7 0.0514323 0.232407 0.0117188 0.0185185
7 0.124479 0.380324 0.01875 0.0125
9 0.24362 0.433796 0.0106771 0.00833333
7 0.135677 0.301852 0.0125 0.0175926
