9 0.876823 0.77963 0.0130208 0.0416667
9 0.360938 0.734259 0.0130208 0.025
56 0.449687 0.672037 0.0178125 0.0412963
56 0.486849 0.659954 0.0471354 0.0384259
9 0.982682 0.0502315 0.0341146 0.100463
31 0.136849 0.558796 0.0460938 0.0759259
9 0.989062 0.766435 0.0213542 0.0208333
9 0.226432 0.789815 0.0216146 0.0222222
9 0.929557 0.748611 0.0268229 0.0175926
2 0.17487 0.824537 0.0309896 0.025
9 0.895052 0.675694 0.0161458 0.025463
2 0.429948 0.779861 0.0203125 0.0347222
2 0.438672 0.709028 0.0231771 0.0412037
9 0.948177 0.710417 0.0338542 0.0273148
9 0.898438 0.65162 0.0119792 0.0236111
9 0.0233073 0.325 0.0466146 0.0518519
2 0.390234 0.738657 0.0252604 0.0476852
